True_Rotation 0.01 0.929253 -0.348842 -0.121647 0.368982 0.859877 0.352794 -0.018468 -0.372720 0.927760 
Pred_Rotation 0.01 0.929253 0.368982 -0.018468 -0.348842 0.859877 -0.37272 -0.121647 0.352794 0.92776 
Uncertainty 0.01 4.0104e-06 4.0104e-06 4.0104e-06
True_Rotation 0.02 0.930451 -0.344168 -0.125737 0.366232 0.862598 0.348998 -0.011654 -0.370774 0.928650 
Pred_Rotation 0.02 0.930501 0.36613 -0.0107736 -0.343651 0.862438 -0.371623 -0.126771 0.349498 0.928321 
Uncertainty 0.02 4.0216e-06 4.0216e-06 4.0216e-06
True_Rotation 0.03 0.931582 -0.340419 -0.127558 0.363470 0.865681 0.344217 -0.006754 -0.367030 0.930185 
Pred_Rotation 0.03 0.931618 0.363405 -0.00494475 -0.339481 0.865269 -0.368865 -0.129769 0.345321 0.92947 
Uncertainty 0.03 4.0416e-06 4.04159e-06 4.0416e-06
True_Rotation 0.04 0.932735 -0.337336 -0.127321 0.360548 0.869284 0.338158 -0.003395 -0.361317 0.932437 
Pred_Rotation 0.04 0.932732 0.360569 -0.000903483 -0.336141 0.868629 -0.363994 -0.130461 0.339813 0.931401 
Uncertainty 0.04 4.0616e-06 4.06159e-06 4.06161e-06
True_Rotation 0.05 0.933963 -0.334697 -0.125261 0.357367 0.873451 0.330715 -0.001280 -0.353639 0.935381 
Pred_Rotation 0.05 0.933896 0.357541 0.00186339 -0.333298 0.872436 -0.357447 -0.129428 0.333197 0.933932 
Uncertainty 0.05 4.0816e-06 4.08158e-06 4.08161e-06
True_Rotation 0.06 0.935339 -0.332471 -0.120847 0.353752 0.878499 0.321090 -0.000589 -0.343078 0.939307 
Pred_Rotation 0.06 0.935175 0.35417 0.003291 -0.330906 0.876987 -0.348418 -0.126285 0.324743 0.937334 
Uncertainty 0.06 4.1016e-06 4.10158e-06 4.10161e-06
True_Rotation 0.07 0.936896 -0.330621 -0.113645 0.349604 0.884620 0.308584 -0.001492 -0.328842 0.944384 
Pred_Rotation 0.07 0.93664 0.350279 0.00321774 -0.328879 0.882505 -0.336187 -0.120599 0.313829 0.94179 
Uncertainty 0.07 4.1216e-06 4.12157e-06 4.12161e-06
True_Rotation 0.08 0.938594 -0.329197 -0.103300 0.344998 0.891802 0.292687 -0.004228 -0.310353 0.950612 
Pred_Rotation 0.08 0.938277 0.345881 0.00144441 -0.327288 0.889176 -0.319762 -0.111884 0.299553 0.947497 
Uncertainty 0.08 4.14159e-06 4.14157e-06 4.14161e-06
True_Rotation 0.09 0.940175 -0.328324 -0.090962 0.340586 0.899112 0.274952 -0.008488 -0.289484 0.957145 
Pred_Rotation 0.09 0.940027 0.341092 -0.00231734 -0.326112 0.896711 -0.299266 -0.0999995 0.282074 0.954167 
Uncertainty 0.09 4.16159e-06 4.16156e-06 4.16161e-06
True_Rotation 0.1 0.941398 -0.327613 -0.080247 0.337065 0.904905 0.259872 -0.012522 -0.271691 0.962303 
Pred_Rotation 0.1 0.941357 0.337349 -0.00651205 -0.325606 0.903191 -0.279689 -0.0884713 0.265408 0.960069 
Uncertainty 0.1 4.18159e-06 4.18156e-06 4.18161e-06
True_Rotation 0.11 0.942434 -0.326664 -0.071478 0.333997 0.909162 0.248738 -0.016269 -0.258293 0.965930 
Pred_Rotation 0.11 0.94249 0.334076 -0.0103009 -0.324796 0.908166 -0.264085 -0.0788698 0.252244 0.964444 
Uncertainty 0.11 4.20159e-06 4.20155e-06 4.20161e-06
True_Rotation 0.12 0.943316 -0.325658 -0.064042 0.331293 0.912278 0.240819 -0.020001 -0.248385 0.968455 
Pred_Rotation 0.12 0.943455 0.331201 -0.0140798 -0.323837 0.911734 -0.252726 -0.0708662 0.242995 0.967435 
Uncertainty 0.12 4.22159e-06 4.22155e-06 4.22161e-06
True_Rotation 0.13 0.944061 -0.324703 -0.057587 0.328951 0.914945 0.233809 -0.023230 -0.239673 0.970576 
Pred_Rotation 0.13 0.94428 0.328669 -0.0176666 -0.322863 0.914491 -0.243853 -0.0639913 0.23597 0.969651 
Uncertainty 0.13 4.24159e-06 4.24155e-06 4.24161e-06
True_Rotation 0.14 0.944673 -0.323876 -0.051933 0.327017 0.917594 0.226012 -0.025546 -0.230491 0.972739 
Pred_Rotation 0.14 0.944962 0.326538 -0.0204989 -0.322008 0.917101 -0.235025 -0.0579452 0.228691 0.971773 
Uncertainty 0.14 4.26159e-06 4.26154e-06 4.26161e-06
True_Rotation 0.15 0.945195 -0.323077 -0.047192 0.325402 0.920231 0.217459 -0.026829 -0.220897 0.974928 
Pred_Rotation 0.15 0.945521 0.3248 -0.022252 -0.321261 0.919774 -0.225404 -0.0527447 0.220273 0.974011 
Uncertainty 0.15 4.28159e-06 4.28154e-06 4.28161e-06
True_Rotation 0.16 0.945670 -0.322209 -0.043478 0.323980 0.922635 0.209241 -0.027305 -0.211959 0.976897 
Pred_Rotation 0.16 0.94602 0.323284 -0.0231054 -0.320454 0.922297 -0.216048 -0.0485353 0.211791 0.976109 
Uncertainty 0.16 4.30158e-06 4.30153e-06 4.30161e-06
True_Rotation 0.17 0.946105 -0.321299 -0.040644 0.322719 0.924791 0.201530 -0.027165 -0.203785 0.978639 
Pred_Rotation 0.17 0.946468 0.32196 -0.0232306 -0.319594 0.924533 -0.2076 -0.0453617 0.203911 0.977938 
Uncertainty 0.17 4.32158e-06 4.32153e-06 4.32161e-06
True_Rotation 0.18 0.946517 -0.320373 -0.038297 0.321549 0.926790 0.194078 -0.026684 -0.196012 0.980238 
Pred_Rotation 0.18 0.946889 0.320746 -0.0228745 -0.318695 0.9266 -0.199611 -0.0428291 0.1963 0.979608 
Uncertainty 0.18 4.34158e-06 4.34153e-06 4.34161e-06
True_Rotation 0.19 0.946929 -0.319386 -0.036306 0.320394 0.928685 0.186794 -0.025942 -0.188513 0.981728 
Pred_Rotation 0.19 0.947314 0.319522 -0.0224077 -0.317717 0.928474 -0.19233 -0.0406491 0.189317 0.981074 
Uncertainty 0.19 4.36157e-06 4.36152e-06 4.36161e-06
True_Rotation 0.2 0.947313 -0.318391 -0.035015 0.319379 0.930562 0.179030 -0.024418 -0.180780 0.983220 
Pred_Rotation 0.2 0.947702 0.318442 -0.0213369 -0.316773 0.930366 -0.184591 -0.0389307 0.181697 0.982584 
Uncertainty 0.2 4.38157e-06 4.38152e-06 4.38161e-06
True_Rotation 0.21 0.947672 -0.317340 -0.034826 0.318503 0.932395 0.170865 -0.021751 -0.173016 0.984679 
Pred_Rotation 0.21 0.948068 0.317482 -0.019288 -0.315766 0.932193 -0.176941 -0.0381958 0.173843 0.984032 
Uncertainty 0.21 4.40157e-06 4.40152e-06 4.40161e-06
True_Rotation 0.22 0.947895 -0.316617 -0.035350 0.318035 0.933906 0.163318 -0.018695 -0.166051 0.985940 
Pred_Rotation 0.22 0.948396 0.316685 -0.0159648 -0.314731 0.934032 -0.168904 -0.038578 0.165213 0.985503 
Uncertainty 0.22 4.42156e-06 4.42151e-06 4.4216e-06
True_Rotation 0.23 0.948085 -0.316008 -0.035687 0.317624 0.935361 0.155608 -0.015793 -0.158865 0.987174 
Pred_Rotation 0.23 0.948587 0.316254 -0.0128864 -0.314081 0.935466 -0.162038 -0.0391905 0.157755 0.9867 
Uncertainty 0.23 4.44155e-06 4.44151e-06 4.4416e-06
True_Rotation 0.24 0.948237 -0.315615 -0.035128 0.317271 0.936799 0.147467 -0.013635 -0.150979 0.988443 
Pred_Rotation 0.24 0.948755 0.315845 -0.0102619 -0.313579 0.936934 -0.154344 -0.0391343 0.149653 0.987964 
Uncertainty 0.24 4.46154e-06 4.4615e-06 4.4616e-06
True_Rotation 0.25 0.948336 -0.315520 -0.033239 0.317010 0.938145 0.139242 -0.012751 -0.142586 0.989700 
Pred_Rotation 0.25 0.948867 0.315557 -0.00865344 -0.313371 0.938278 -0.146402 -0.038079 0.141628 0.989187 
Uncertainty 0.25 4.48154e-06 4.4815e-06 4.4816e-06
True_Rotation 0.26 0.948386 -0.315686 -0.030101 0.316848 0.939384 0.131013 -0.013082 -0.133789 0.990924 
Pred_Rotation 0.26 0.948952 0.315306 -0.00852732 -0.313436 0.939608 -0.137458 -0.0353294 0.133115 0.990471 
Uncertainty 0.26 4.50154e-06 4.5015e-06 4.5016e-06
True_Rotation 0.27 0.948332 -0.316148 -0.026779 0.316974 0.940325 0.123756 -0.013944 -0.125850 0.991951 
Pred_Rotation 0.27 0.948955 0.315278 -0.00914919 -0.313771 0.940672 -0.129166 -0.0321171 0.125444 0.991581 
Uncertainty 0.27 4.52153e-06 4.52149e-06 4.5216e-06
True_Rotation 0.28 0.948180 -0.316897 -0.023051 0.317366 0.941091 0.116731 -0.015298 -0.117997 0.992896 
Pred_Rotation 0.28 0.948848 0.315566 -0.0102383 -0.314426 0.941478 -0.12147 -0.0286929 0.118476 0.992542 
Uncertainty 0.28 4.54153e-06 4.54149e-06 4.5416e-06
True_Rotation 0.29 0.947978 -0.317780 -0.018820 0.317879 0.941793 0.109450 -0.017057 -0.109739 0.993814 
Pred_Rotation 0.29 0.94867 0.316045 -0.0118509 -0.315304 0.942197 -0.113345 -0.0246563 0.111264 0.993485 
Uncertainty 0.29 4.56152e-06 4.56149e-06 4.56159e-06
True_Rotation 0.3 0.947769 -0.318620 -0.014652 0.318397 0.942391 0.102581 -0.018876 -0.101888 0.994617 
Pred_Rotation 0.3 0.948468 0.316576 -0.0137179 -0.316221 0.942857 -0.105002 -0.0203072 0.103929 0.994377 
Uncertainty 0.3 4.58152e-06 4.58148e-06 4.58159e-06
True_Rotation 0.31 0.947599 -0.319275 -0.010904 0.318794 0.942864 0.096840 -0.020638 -0.095242 0.995240 
Pred_Rotation 0.31 0.948276 0.31707 -0.0154481 -0.31702 0.943358 -0.0978431 -0.0164503 0.0976801 0.995082 
Uncertainty 0.31 4.60152e-06 4.60148e-06 4.60159e-06
True_Rotation 0.32 0.947537 -0.319579 -0.006516 0.318823 0.943442 0.090935 -0.022913 -0.088242 0.995835 
Pred_Rotation 0.32 0.948161 0.317314 -0.0174126 -0.317543 0.943832 -0.0913662 -0.0125575 0.0921595 0.995665 
Uncertainty 0.32 4.64152e-06 4.64148e-06 4.64159e-06
True_Rotation 0.33 0.947568 -0.319551 -0.001400 0.318526 0.944159 0.084284 -0.025611 -0.080311 0.996441 
Pred_Rotation 0.33 0.948172 0.317128 -0.0199756 -0.317663 0.944503 -0.0836876 -0.0076729 0.0856963 0.996292 
Uncertainty 0.33 4.70152e-06 4.70148e-06 4.70158e-06
True_Rotation 0.34 0.947590 -0.319481 0.002197 0.318316 0.944680 0.079091 -0.027343 -0.074246 0.996865 
Pred_Rotation 0.34 0.948179 0.316951 -0.0223144 -0.317719 0.945082 -0.0766475 -0.00320482 0.0797658 0.996808 
Uncertainty 0.34 4.78151e-06 4.78147e-06 4.78157e-06
True_Rotation 0.35 0.947663 -0.319243 0.004192 0.318054 0.945116 0.074809 -0.027845 -0.069560 0.997189 
Pred_Rotation 0.35 0.948228 0.316731 -0.0233413 -0.317589 0.945521 -0.0716046 -0.000609912 0.0753109 0.99716 
Uncertainty 0.35 4.80151e-06 4.80147e-06 4.80157e-06
True_Rotation 0.36 0.947751 -0.318970 0.005185 0.317838 0.945530 0.070373 -0.027349 -0.065048 0.997507 
Pred_Rotation 0.36 0.948305 0.316499 -0.0233591 -0.317359 0.945928 -0.0671109 0.000855205 0.0710553 0.997472 
Uncertainty 0.36 4.82151e-06 4.82147e-06 4.82157e-06
True_Rotation 0.37 0.947862 -0.318638 0.005273 0.317623 0.945932 0.065796 -0.025953 -0.060690 0.997819 
Pred_Rotation 0.37 0.948403 0.316277 -0.022349 -0.317063 0.946341 -0.0625305 0.00137256 0.0663906 0.997793 
Uncertainty 0.37 4.84151e-06 4.84147e-06 4.84157e-06
True_Rotation 0.38 0.947979 -0.318300 0.004646 0.317420 0.946262 0.061909 -0.024102 -0.057214 0.998071 
Pred_Rotation 0.38 0.94853 0.316013 -0.0206531 -0.316685 0.946718 -0.0586061 0.00103216 0.0621306 0.998067 
Uncertainty 0.38 4.8615e-06 4.86146e-06 4.86157e-06
True_Rotation 0.39 0.948041 -0.318130 0.003542 0.317386 0.946478 0.058695 -0.022025 -0.054521 0.998270 
Pred_Rotation 0.39 0.948613 0.315886 -0.018695 -0.316438 0.946982 -0.0555943 0.000142161 0.0586537 0.998278 
Uncertainty 0.39 4.8815e-06 4.88146e-06 4.88156e-06
True_Rotation 0.4 0.947912 -0.318524 0.002167 0.317900 0.946440 0.056484 -0.020042 -0.052853 0.998401 
Pred_Rotation 0.4 0.948634 0.315946 -0.0164738 -0.316373 0.947146 -0.0531158 -0.00117889 0.0555997 0.998452 
Uncertainty 0.4 4.90149e-06 4.90146e-06 4.90156e-06
True_Rotation 0.41 0.947714 -0.319119 0.001081 0.318592 0.946330 0.054389 -0.018380 -0.051200 0.998519 
Pred_Rotation 0.41 0.948416 0.316688 -0.0146778 -0.317018 0.947003 -0.0518108 -0.00250819 0.0537917 0.998549 
Uncertainty 0.41 4.92148e-06 4.92145e-06 4.92156e-06
True_Rotation 0.42 0.947571 -0.319544 0.000629 0.319088 0.946321 0.051570 -0.017074 -0.048666 0.998669 
Pred_Rotation 0.42 0.948236 0.317291 -0.0131938 -0.317548 0.946939 -0.0496948 -0.00327424 0.0513126 0.998677 
Uncertainty 0.42 4.94147e-06 4.94144e-06 4.94156e-06
True_Rotation 0.43 0.947510 -0.319724 0.000740 0.319319 0.946420 0.048221 -0.016118 -0.045453 0.998836 
Pred_Rotation 0.43 0.948125 0.317668 -0.0120629 -0.317878 0.946977 -0.0467794 -0.00343729 0.0481877 0.998832 
Uncertainty 0.43 4.96146e-06 4.96144e-06 4.96156e-06
True_Rotation 0.44 0.947547 -0.319614 0.001385 0.319241 0.946633 0.044398 -0.015501 -0.041627 0.999013 
Pred_Rotation 0.44 0.948112 0.317735 -0.0112806 -0.31792 0.947127 -0.0433133 -0.00307825 0.0446526 0.998998 
Uncertainty 0.44 4.98145e-06 4.98143e-06 4.98156e-06
True_Rotation 0.45 0.947658 -0.319279 0.002516 0.318928 0.946932 0.040074 -0.015178 -0.037174 0.999194 
Pred_Rotation 0.45 0.94819 0.317518 -0.0108256 -0.317695 0.947387 -0.0390794 -0.00215261 0.0404944 0.999177 
Uncertainty 0.45 5.00142e-06 5.00142e-06 5.00155e-06
True_Rotation 0.46 0.947801 -0.318840 0.003859 0.318508 0.947246 0.035742 -0.015052 -0.032647 0.999354 
Pred_Rotation 0.46 0.948321 0.317136 -0.010619 -0.317313 0.947693 -0.0344905 -0.000874923 0.036078 0.999349 
Uncertainty 0.46 5.0214e-06 5.0214e-06 5.02155e-06
True_Rotation 0.47 0.947962 -0.318341 0.005159 0.318027 0.947543 0.031961 -0.015063 -0.028658 0.999476 
Pred_Rotation 0.47 0.948473 0.316682 -0.010559 -0.316857 0.947995 -0.0301125 0.000473514 0.0319071 0.999491 
Uncertainty 0.47 5.04136e-06 5.04139e-06 5.04155e-06
True_Rotation 0.48 0.948136 -0.317803 0.006313 0.317504 0.947816 0.028900 -0.015168 -0.025397 0.999562 
Pred_Rotation 0.48 0.948641 0.316176 -0.010645 -0.316351 0.948269 -0.0266064 0.00168177 0.028608 0.999589 
Uncertainty 0.48 5.06132e-06 5.06137e-06 5.06155e-06
True_Rotation 0.49 0.948320 -0.317229 0.007369 0.316947 0.948084 0.026104 -0.015268 -0.022419 0.999632 
Pred_Rotation 0.49 0.948819 0.315639 -0.0107427 -0.315809 0.948532 -0.0234645 0.00278317 0.0256567 0.999667 
Uncertainty 0.49 5.08127e-06 5.08134e-06 5.08154e-06
True_Rotation 0.5 0.948518 -0.316617 0.008270 0.316351 0.948344 0.023797 -0.015377 -0.019956 0.999683 
Pred_Rotation 0.5 0.94901 0.31506 -0.0108531 -0.315224 0.948792 -0.0206696 0.00378491 0.0230373 0.999727 
Uncertainty 0.5 5.10121e-06 5.10131e-06 5.10154e-06
True_Rotation 0.51 0.948726 -0.315975 0.008923 0.315723 0.948593 0.022144 -0.015462 -0.018192 0.999715 
Pred_Rotation 0.51 0.949211 0.314448 -0.0109576 -0.314606 0.94904 -0.0185938 0.00455216 0.0210972 0.999767 
Uncertainty 0.51 5.12114e-06 5.12128e-06 5.12154e-06
True_Rotation 0.52 0.948940 -0.315314 0.009426 0.315074 0.948839 0.020832 -0.015513 -0.016799 0.999739 
Pred_Rotation 0.52 0.949424 0.313803 -0.0110174 -0.313955 0.949284 -0.0170896 0.00509559 0.0196847 0.999793 
Uncertainty 0.52 5.14105e-06 5.14124e-06 5.14154e-06
True_Rotation 0.53 0.949155 -0.314651 0.009972 0.314426 0.949086 0.019290 -0.015534 -0.015174 0.999764 
Pred_Rotation 0.53 0.949637 0.313156 -0.0110701 -0.313302 0.949523 -0.0157296 0.00558518 0.0184061 0.999815 
Uncertainty 0.53 5.16095e-06 5.16119e-06 5.16154e-06
True_Rotation 0.54 0.949371 -0.313976 0.010645 0.313773 0.949341 0.017262 -0.015526 -0.013048 0.999794 
Pred_Rotation 0.54 0.949852 0.312504 -0.0110465 -0.312637 0.949774 -0.0136986 0.00621052 0.0164656 0.999845 
Uncertainty 0.54 5.18083e-06 5.18113e-06 5.18153e-06
True_Rotation 0.55 0.949581 -0.313318 0.011321 0.313132 0.949582 0.015570 -0.015629 -0.011240 0.999815 
Pred_Rotation 0.55 0.950066 0.311852 -0.0110869 -0.311972 0.95002 -0.0116196 0.00690893 0.0144987 0.999871 
Uncertainty 0.55 5.20069e-06 5.20107e-06 5.20153e-06
True_Rotation 0.56 0.949774 -0.312711 0.011907 0.312537 0.949796 0.014439 -0.015824 -0.009992 0.999825 
Pred_Rotation 0.56 0.950269 0.311227 -0.0112602 -0.311339 0.950244 -0.0101641 0.00753628 0.0131648 0.999885 
Uncertainty 0.56 5.22054e-06 5.221e-06 5.22153e-06
True_Rotation 0.57 0.949941 -0.312184 0.012379 0.312021 0.949980 0.013466 -0.015963 -0.008929 0.999833 
Pred_Rotation 0.57 0.950449 0.310669 -0.0114569 -0.310775 0.95044 -0.00903998 0.00808034 0.012153 0.999893 
Uncertainty 0.57 5.24036e-06 5.24091e-06 5.24153e-06
True_Rotation 0.58 0.950085 -0.311734 0.012675 0.311585 0.950136 0.012486 -0.015935 -0.007914 0.999842 
Pred_Rotation 0.58 0.950603 0.310197 -0.0115153 -0.310295 0.950606 -0.008004 0.00846343 0.0111822 0.999902 
Uncertainty 0.58 5.26015e-06 5.26082e-06 5.26153e-06
True_Rotation 0.59 0.950216 -0.311331 0.012771 0.311197 0.950276 0.011496 -0.015715 -0.006949 0.999852 
Pred_Rotation 0.59 0.950737 0.30979 -0.0114033 -0.309879 0.95075 -0.00699833 0.00867337 0.0101876 0.99991 
Uncertainty 0.59 5.27998e-06 5.28074e-06 5.28152e-06
True_Rotation 0.6 0.950346 -0.310935 0.012701 0.310818 0.950413 0.010403 -0.015306 -0.005939 0.999865 
Pred_Rotation 0.6 0.950863 0.309414 -0.0110672 -0.309491 0.950883 -0.00608131 0.00864172 0.00920815 0.99992 
Uncertainty 0.6 5.29979e-06 5.30065e-06 5.30152e-06
True_Rotation 0.61 0.950480 -0.310528 0.012652 0.310432 0.950553 0.009021 -0.014828 -0.004647 0.999879 
Pred_Rotation 0.61 0.950995 0.309023 -0.0106087 -0.309086 0.951021 -0.00490639 0.00857265 0.0079454 0.999932 
Uncertainty 0.61 5.31957e-06 5.32055e-06 5.32152e-06
True_Rotation 0.62 0.950602 -0.310152 0.012720 0.310079 0.950682 0.007366 -0.014377 -0.003058 0.999892 
Pred_Rotation 0.62 0.951122 0.308648 -0.0101268 -0.308696 0.951154 -0.00351707 0.00854636 0.00647173 0.999942 
Uncertainty 0.62 5.33934e-06 5.34044e-06 5.34152e-06
True_Rotation 0.63 0.950704 -0.309828 0.012973 0.309780 0.950792 0.005627 -0.014078 -0.001331 0.999900 
Pred_Rotation 0.63 0.951233 0.308319 -0.00972679 -0.308348 0.951272 -0.00167435 0.00873631 0.00459238 0.999951 
Uncertainty 0.63 5.35907e-06 5.36032e-06 5.36152e-06
True_Rotation 0.64 0.950787 -0.309561 0.013277 0.309530 0.950880 0.004407 -0.013989 -0.000081 0.999902 
Pred_Rotation 0.64 0.951321 0.308052 -0.00955275 -0.308068 0.951364 -0.000225619 0.00901837 0.00315798 0.999954 
Uncertainty 0.64 5.37878e-06 5.38018e-06 5.38151e-06
True_Rotation 0.65 0.950868 -0.309297 0.013611 0.309279 0.950965 0.003464 -0.014015 0.000916 0.999901 
Pred_Rotation 0.65 0.9514 0.307809 -0.00953235 -0.307815 0.951446 0.000878854 0.00933976 0.0020985 0.999954 
Uncertainty 0.65 5.39845e-06 5.40003e-06 5.40151e-06
True_Rotation 0.66 0.950956 -0.309013 0.013933 0.309006 0.951056 0.002746 -0.014100 0.001694 0.999899 
Pred_Rotation 0.66 0.951486 0.307543 -0.00960015 -0.30754 0.951533 0.00178999 0.00968508 0.00124973 0.999952 
Uncertainty 0.66 5.41809e-06 5.41987e-06 5.42151e-06
True_Rotation 0.67 0.951043 -0.308732 0.014217 0.308734 0.951146 0.002138 -0.014183 0.002356 0.999897 
Pred_Rotation 0.67 0.951574 0.307267 -0.0096946 -0.307259 0.951623 0.00241981 0.00996886 0.000676573 0.99995 
Uncertainty 0.67 5.4377e-06 5.43968e-06 5.44151e-06
True_Rotation 0.68 0.951121 -0.308475 0.014544 0.308488 0.951227 0.001404 -0.014268 0.003151 0.999893 
Pred_Rotation 0.68 0.951659 0.307001 -0.00975937 -0.306984 0.951709 0.00320508 0.0102718 -5.37231e-05 0.999947 
Uncertainty 0.68 5.45728e-06 5.45949e-06 5.46151e-06
True_Rotation 0.69 0.951177 -0.308288 0.014869 0.308309 0.951286 0.000941 -0.014435 0.003689 0.999889 
Pred_Rotation 0.69 0.951728 0.306783 -0.00988898 -0.306758 0.951779 0.00396079 0.010627 -0.00073562 0.999943 
Uncertainty 0.69 5.47681e-06 5.47927e-06 5.4815e-06
True_Rotation 0.7 0.951208 -0.308178 0.015153 0.308200 0.951321 0.000880 -0.014686 0.003833 0.999885 
Pred_Rotation 0.7 0.951769 0.306649 -0.0100943 -0.306621 0.951822 0.00420994 0.0108987 -0.00091132 0.99994 
Uncertainty 0.7 5.4963e-06 5.49904e-06 5.5015e-06
True_Rotation 0.71 0.951228 -0.308099 0.015515 0.308124 0.951346 0.000814 -0.015011 0.004006 0.999879 
Pred_Rotation 0.71 0.951796 0.306557 -0.0103998 -0.306527 0.951852 0.00434483 0.0112307 -0.000947128 0.999936 
Uncertainty 0.71 5.51574e-06 5.51878e-06 5.5215e-06
True_Rotation 0.72 0.951247 -0.308020 0.015926 0.308052 0.951369 0.000455 -0.015292 0.004474 0.999873 
Pred_Rotation 0.72 0.951811 0.306497 -0.0107309 -0.306465 0.951871 0.00457831 0.0116174 -0.0010686 0.999932 
Uncertainty 0.72 5.53514e-06 5.5385e-06 5.5415e-06
True_Rotation 0.73 0.951284 -0.307886 0.016295 0.307930 0.951409 -0.000256 -0.015425 0.005262 0.999867 
Pred_Rotation 0.73 0.95184 0.306401 -0.0109417 -0.306359 0.951901 0.00536172 0.012058 -0.00175097 0.999926 
Uncertainty 0.73 5.55449e-06 5.5582e-06 5.5615e-06
True_Rotation 0.74 0.951337 -0.307710 0.016513 0.307766 0.951462 -0.000880 -0.015441 0.005919 0.999863 
Pred_Rotation 0.74 0.951886 0.306255 -0.0110007 -0.306205 0.951946 0.00601114 0.0123128 -0.00235299 0.999921 
Uncertainty 0.74 5.57379e-06 5.57788e-06 5.58149e-06
True_Rotation 0.75 0.951396 -0.307513 0.016767 0.307582 0.951520 -0.001657 -0.015445 0.006733 0.999858 
Pred_Rotation 0.75 0.951944 0.306074 -0.0109954 -0.306014 0.952003 0.00676042 0.0125366 -0.00307035 0.999917 
Uncertainty 0.75 5.59303e-06 5.59753e-06 5.60149e-06
True_Rotation 0.76 0.951456 -0.307308 0.017101 0.307393 0.951580 -0.002506 -0.015503 0.007641 0.999851 
Pred_Rotation 0.76 0.952001 0.305895 -0.0110295 -0.305825 0.952057 0.00762929 0.0128342 -0.00388954 0.99991 
Uncertainty 0.76 5.61221e-06 5.61715e-06 5.62149e-06
True_Rotation 0.77 0.951526 -0.307077 0.017361 0.307175 0.951648 -0.003221 -0.015532 0.008397 0.999844 
Pred_Rotation 0.77 0.952068 0.305685 -0.0111155 -0.305602 0.952121 0.0085753 0.0132043 -0.0047669 0.999901 
Uncertainty 0.77 5.63132e-06 5.63674e-06 5.64149e-06
True_Rotation 0.78 0.951596 -0.306867 0.017256 0.306966 0.951715 -0.003345 -0.015397 0.008480 0.999846 
Pred_Rotation 0.78 0.952138 0.305468 -0.0110559 -0.305378 0.952188 0.00904795 0.0132909 -0.00523822 0.999898 
Uncertainty 0.78 5.65037e-06 5.6563e-06 5.66148e-06
True_Rotation 0.79 0.951656 -0.306701 0.016869 0.306792 0.951772 -0.003007 -0.015133 0.008037 0.999853 
Pred_Rotation 0.79 0.952204 0.305271 -0.0108609 -0.305187 0.952252 0.00871086 0.0130012 -0.00497946 0.999903 
Uncertainty 0.79 5.66935e-06 5.67583e-06 5.68148e-06
True_Rotation 0.8 0.951709 -0.306565 0.016380 0.306648 0.951819 -0.002752 -0.014747 0.007642 0.999862 
Pred_Rotation 0.8 0.952255 0.305121 -0.0105337 -0.305044 0.952302 0.00831942 0.0125694 -0.00470852 0.99991 
Uncertainty 0.8 5.68825e-06 5.69533e-06 5.70148e-06
True_Rotation 0.81 0.951764 -0.306424 0.015789 0.306498 0.951868 -0.002465 -0.014273 0.007186 0.999872 
Pred_Rotation 0.81 0.952308 0.304972 -0.0100993 -0.304902 0.952351 0.00789337 0.0120251 -0.00443716 0.999918 
Uncertainty 0.81 5.70708e-06 5.71479e-06 5.72148e-06
True_Rotation 0.82 0.951820 -0.306280 0.015189 0.306347 0.951917 -0.002293 -0.013756 0.006836 0.999882 
Pred_Rotation 0.82 0.952361 0.304822 -0.00960021 -0.30476 0.9524 0.00741858 0.0114043 -0.00413896 0.999926 
Uncertainty 0.82 5.72582e-06 5.7342e-06 5.74148e-06
True_Rotation 0.83 0.951880 -0.306120 0.014671 0.306186 0.951969 -0.002416 -0.013227 0.006792 0.999889 
Pred_Rotation 0.83 0.952416 0.304666 -0.00907905 -0.304608 0.95245 0.00726648 0.0108609 -0.00415472 0.999932 
Uncertainty 0.83 5.74448e-06 5.75358e-06 5.76148e-06
True_Rotation 0.84 0.951949 -0.305924 0.014282 0.305993 0.952030 -0.002844 -0.012727 0.007077 0.999894 
Pred_Rotation 0.84 0.952475 0.304495 -0.00854991 -0.304439 0.952504 0.00729251 0.0103641 -0.00434257 0.999937 
Uncertainty 0.84 5.76305e-06 5.77292e-06 5.78147e-06
True_Rotation 0.85 0.952037 -0.305654 0.014192 0.305733 0.952110 -0.003712 -0.012378 0.007873 0.999892 
Pred_Rotation 0.85 0.952551 0.304271 -0.00810284 -0.30421 0.952572 0.00793395 0.0101323 -0.00509207 0.999936 
Uncertainty 0.85 5.78152e-06 5.79222e-06 5.80147e-06
True_Rotation 0.86 0.952144 -0.305314 0.014304 0.305404 0.952212 -0.004487 -0.012251 0.008641 0.999888 
Pred_Rotation 0.86 0.952649 0.303971 -0.00788446 -0.303903 0.952662 0.00879403 0.0101841 -0.00598106 0.99993 
Uncertainty 0.86 5.7999e-06 5.81146e-06 5.82147e-06
True_Rotation 0.87 0.952263 -0.304939 0.014404 0.305036 0.952327 -0.005028 -0.012184 0.009182 0.999884 
Pred_Rotation 0.87 0.952762 0.303616 -0.00783973 -0.303542 0.952771 0.00941602 0.0103281 -0.00659109 0.999925 
Uncertainty 0.87 5.81817e-06 5.83066e-06 5.84147e-06
True_Rotation 0.88 0.952386 -0.304557 0.014335 0.304659 0.952446 -0.005487 -0.011982 0.009593 0.999882 
Pred_Rotation 0.88 0.952882 0.303242 -0.00771351 -0.303163 0.952887 0.00992195 0.0103586 -0.00711556 0.999921 
Uncertainty 0.88 5.83633e-06 5.84981e-06 5.86146e-06
True_Rotation 0.89 0.952504 -0.304199 0.014103 0.304300 0.952559 -0.005705 -0.011699 0.009726 0.999884 
Pred_Rotation 0.89 0.953005 0.302862 -0.0074458 -0.302782 0.953005 0.0102233 0.0101919 -0.00748799 0.99992 
Uncertainty 0.89 5.85438e-06 5.86891e-06 5.88146e-06
True_Rotation 0.9 0.952588 -0.303949 0.013816 0.304047 0.952641 -0.005565 -0.011471 0.009502 0.999889 
Pred_Rotation 0.9 0.953108 0.302544 -0.00718469 -0.302466 0.953106 0.0101758 0.00992611 -0.00752505 0.999922 
Uncertainty 0.9 5.87231e-06 5.88795e-06 5.90146e-06
True_Rotation 0.91 0.952634 -0.303817 0.013579 0.303908 0.952687 -0.005204 -0.011355 0.009085 0.999894 
Pred_Rotation 0.91 0.953168 0.302361 -0.0070072 -0.302289 0.953166 0.00979272 0.00963969 -0.00721546 0.999927 
Uncertainty 0.91 5.89011e-06 5.90693e-06 5.92146e-06
True_Rotation 0.92 0.952675 -0.303694 0.013470 0.303780 0.952730 -0.004836 -0.011365 0.008699 0.999898 
Pred_Rotation 0.92 0.953206 0.30224 -0.00697333 -0.302172 0.953207 0.00940884 0.00949048 -0.00686098 0.999931 
Uncertainty 0.92 5.90779e-06 5.92585e-06 5.94145e-06
True_Rotation 0.93 0.952724 -0.303542 0.013382 0.303624 0.952781 -0.004504 -0.011383 0.008354 0.999900 
Pred_Rotation 0.93 0.953252 0.302096 -0.00702259 -0.302031 0.953255 0.00901253 0.0094167 -0.00646972 0.999935 
Uncertainty 0.93 5.92533e-06 5.9447e-06 5.96145e-06
True_Rotation 0.94 0.952781 -0.303370 0.013250 0.303448 0.952838 -0.004277 -0.011327 0.008095 0.999903 
Pred_Rotation 0.94 0.953304 0.301931 -0.00699276 -0.301868 0.953309 0.00876014 0.00931094 -0.00623974 0.999937 
Uncertainty 0.94 5.94273e-06 5.9635e-06 5.98145e-06
True_Rotation 0.95 0.952846 -0.303171 0.013139 0.303245 0.952904 -0.004007 -0.011305 0.007803 0.999906 
Pred_Rotation 0.95 0.953364 0.301743 -0.00693977 -0.301683 0.953371 0.00845963 0.00916853 -0.00597105 0.99994 
Uncertainty 0.95 5.95998e-06 5.98222e-06 6.00145e-06
True_Rotation 0.96 0.952923 -0.302925 0.013197 0.302999 0.952983 -0.003959 -0.011377 0.007771 0.999905 
Pred_Rotation 0.96 0.953433 0.301524 -0.00697896 -0.301466 0.953441 0.00821299 0.00913017 -0.00572616 0.999942 
Uncertainty 0.96 5.97709e-06 6.00087e-06 6.02144e-06
True_Rotation 0.97 0.953019 -0.302613 0.013430 0.302692 0.953079 -0.004243 -0.011516 0.008109 0.999901 
Pred_Rotation 0.97 0.953521 0.301244 -0.00708636 -0.301184 0.953528 0.00848482 0.00931278 -0.00595571 0.999939 
Uncertainty 0.97 5.99403e-06 6.01945e-06 6.04144e-06
True_Rotation 0.98 0.953123 -0.302272 0.013725 0.302354 0.953186 -0.004355 -0.011766 0.008300 0.999896 
Pred_Rotation 0.98 0.953623 0.300915 -0.00727312 -0.30085 0.953631 0.00878654 0.00957959 -0.00619048 0.999935 
Uncertainty 0.98 6.01081e-06 6.03795e-06 6.06144e-06
True_Rotation 0.99 0.953222 -0.301944 0.014068 0.302027 0.953291 -0.004131 -0.012164 0.008187 0.999893 
Pred_Rotation 0.99 0.953727 0.300577 -0.00761542 -0.300509 0.953738 0.00885695 0.00992503 -0.00615816 0.999932 
Uncertainty 0.99 6.02742e-06 6.05637e-06 6.08144e-06
True_Rotation 1 0.953315 -0.301636 0.014371 0.301713 0.953392 -0.003479 -0.012652 0.007653 0.999891 
Pred_Rotation 1 0.953822 0.300264 -0.0080694 -0.300197 0.953839 0.00854961 0.0102638 -0.00573194 0.999931 
Uncertainty 1 6.04386e-06 6.07471e-06 6.10144e-06
True_Rotation 1.01 0.953415 -0.301308 0.014593 0.301375 0.953502 -0.002567 -0.013141 0.006846 0.999890 
Pred_Rotation 1.01 0.953918 0.299945 -0.00860426 -0.299883 0.953944 0.00779474 0.0105457 -0.00485482 0.999933 
Uncertainty 1.01 6.0601e-06 6.09296e-06 6.12144e-06
True_Rotation 1.02 0.953535 -0.300922 0.014737 0.300981 0.953628 -0.001920 -0.013476 0.006266 0.999890 
Pred_Rotation 1.02 0.954027 0.299584 -0.00902532 -0.299528 0.954061 0.00703175 0.010717 -0.0040047 0.999934 
Uncertainty 1.02 6.07616e-06 6.11112e-06 6.14143e-06
True_Rotation 1.03 0.953670 -0.300492 0.014780 0.300546 0.953766 -0.001564 -0.013626 0.005934 0.999890 
Pred_Rotation 1.03 0.954159 0.299155 -0.0092929 -0.299101 0.954198 0.00671206 0.0108749 -0.00362441 0.999934 
Uncertainty 1.03 6.09203e-06 6.12919e-06 6.16143e-06
True_Rotation 1.04 0.953797 -0.300099 0.014548 0.300145 0.953893 -0.001102 -0.013546 0.005417 0.999894 
Pred_Rotation 1.04 0.954292 0.29873 -0.00932703 -0.298682 0.954332 0.00625626 0.0107697 -0.00318403 0.999937 
Uncertainty 1.04 6.10768e-06 6.14716e-06 6.18143e-06
True_Rotation 1.05 0.953908 -0.299765 0.014188 0.299806 0.954000 -0.000814 -0.013291 0.005030 0.999899 
Pred_Rotation 1.05 0.95441 0.298357 -0.00916107 -0.298314 0.95445 0.00573501 0.0104546 -0.00274023 0.999942 
Uncertainty 1.05 6.12313e-06 6.16503e-06 6.20143e-06
True_Rotation 1.06 0.953998 -0.299493 0.013867 0.299535 0.954085 -0.000976 -0.012938 0.005085 0.999903 
Pred_Rotation 1.06 0.954509 0.298052 -0.00884154 -0.298012 0.954546 0.0055611 0.0100969 -0.00267279 0.999945 
Uncertainty 1.06 6.13836e-06 6.1828e-06 6.22143e-06
True_Rotation 1.07 0.954072 -0.299266 0.013634 0.299311 0.954155 -0.001356 -0.012603 0.005375 0.999906 
Pred_Rotation 1.07 0.954587 0.297812 -0.00849679 -0.29777 0.95462 0.00586455 0.00985746 -0.00306769 0.999947 
Uncertainty 1.07 6.15337e-06 6.20046e-06 6.24142e-06
True_Rotation 1.08 0.954146 -0.299043 0.013391 0.299091 0.954223 -0.001672 -0.012278 0.005600 0.999909 
Pred_Rotation 1.08 0.954656 0.297597 -0.00819918 -0.297554 0.954686 0.00603654 0.00962382 -0.00332267 0.999948 
Uncertainty 1.08 6.16814e-06 6.218e-06 6.26142e-06
True_Rotation 1.09 0.954224 -0.298800 0.013194 0.298853 0.954297 -0.002182 -0.011939 0.006025 0.999911 
Pred_Rotation 1.09 0.954733 0.297361 -0.00784428 -0.297316 0.954757 0.00642164 0.00939866 -0.00379827 0.999949 
Uncertainty 1.09 6.18268e-06 6.23543e-06 6.28141e-06
True_Rotation 1.1 0.954296 -0.298576 0.013133 0.298634 0.954364 -0.002659 -0.011740 0.006460 0.999910 
Pred_Rotation 1.1 0.954808 0.297126 -0.00757343 -0.297078 0.954829 0.00684439 0.0092647 -0.00428474 0.999948 
Uncertainty 1.1 6.19696e-06 6.25274e-06 6.30141e-06
True_Rotation 1.11 0.954352 -0.298393 0.013213 0.298456 0.954418 -0.003084 -0.011690 0.006887 0.999908 
Pred_Rotation 1.11 0.95487 0.296928 -0.00747593 -0.296876 0.954888 0.00732256 0.00931268 -0.00477222 0.999945 
Uncertainty 1.11 6.211e-06 6.26993e-06 6.32141e-06
True_Rotation 1.12 0.954409 -0.298206 0.013323 0.298273 0.954475 -0.003336 -0.011722 0.007158 0.999906 
Pred_Rotation 1.12 0.954923 0.29676 -0.00747925 -0.296705 0.954938 0.007677 0.00942017 -0.00511136 0.999943 
Uncertainty 1.12 6.22476e-06 6.28699e-06 6.3414e-06
True_Rotation 1.13 0.954482 -0.297967 0.013440 0.298037 0.954548 -0.003501 -0.011786 0.007348 0.999904 
Pred_Rotation 1.13 0.954988 0.296549 -0.00756055 -0.296491 0.955003 0.0078857 0.00955857 -0.00528866 0.99994 
Uncertainty 1.13 6.23826e-06 6.30392e-06 6.3614e-06
True_Rotation 1.14 0.954565 -0.297700 0.013427 0.297771 0.954631 -0.003565 -0.011757 0.007401 0.999904 
Pred_Rotation 1.14 0.955069 0.296287 -0.00761003 -0.296227 0.955083 0.00810285 0.0096687 -0.00548404 0.999938 
Uncertainty 1.14 6.25149e-06 6.32071e-06 6.3814e-06
True_Rotation 1.15 0.954645 -0.297453 0.013240 0.297522 0.954709 -0.003479 -0.011606 0.007260 0.999906 
Pred_Rotation 1.15 0.955151 0.296023 -0.00750723 -0.295965 0.955166 0.00793124 0.00951821 -0.0053532 0.99994 
Uncertainty 1.15 6.26442e-06 6.33736e-06 6.40139e-06
True_Rotation 1.16 0.954719 -0.297222 0.013054 0.297290 0.954781 -0.003591 -0.011397 0.007309 0.999908 
Pred_Rotation 1.16 0.955225 0.295789 -0.00735687 -0.295731 0.955238 0.00797206 0.00938533 -0.005439 0.999941 
Uncertainty 1.16 6.27706e-06 6.35386e-06 6.42139e-06
True_Rotation 1.17 0.954806 -0.296960 0.012659 0.297024 0.954864 -0.003488 -0.011052 0.007091 0.999914 
Pred_Rotation 1.17 0.955302 0.295545 -0.00709618 -0.295489 0.955313 0.0079694 0.00913411 -0.00551589 0.999943 
Uncertainty 1.17 6.2894e-06 6.37022e-06 6.44138e-06
True_Rotation 1.18 0.954904 -0.296670 0.012018 0.296724 0.954959 -0.002974 -0.010594 0.006406 0.999923 
Pred_Rotation 1.18 0.955395 0.295256 -0.00669059 -0.295206 0.955404 0.0074979 0.00860574 -0.00518791 0.999949 
Uncertainty 1.18 6.30143e-06 6.38642e-06 6.46138e-06
True_Rotation 1.19 0.955016 -0.296337 0.011373 0.296382 0.955066 -0.002475 -0.010128 0.005735 0.999932 
Pred_Rotation 1.19 0.955496 0.294939 -0.00622392 -0.294899 0.955505 0.00665237 0.00790876 -0.00452044 0.999958 
Uncertainty 1.19 6.31315e-06 6.40245e-06 6.48138e-06
True_Rotation 1.2 0.955135 -0.295971 0.010905 0.296012 0.955181 -0.002321 -0.009730 0.005445 0.999938 
Pred_Rotation 1.2 0.955614 0.294565 -0.00580211 -0.294529 0.955621 0.00634018 0.00741194 -0.00434943 0.999963 
Uncertainty 1.2 6.32453e-06 6.41833e-06 6.50137e-06
True_Rotation 1.21 0.955171 -0.295876 0.010320 0.295910 0.955214 -0.001854 -0.009309 0.004824 0.999945 
Pred_Rotation 1.21 0.955728 0.294201 -0.00545577 -0.294169 0.955735 0.0059423 0.00696222 -0.00407385 0.999967 
Uncertainty 1.21 6.33558e-06 6.43403e-06 6.52137e-06
True_Rotation 1.22 0.954917 -0.296728 0.009297 0.296749 0.954955 -0.000945 -0.008597 0.003661 0.999956 
Pred_Rotation 1.22 0.955648 0.29447 -0.00494056 -0.294446 0.955655 0.00508899 0.00621975 -0.00340811 0.999975 
Uncertainty 1.22 6.34628e-06 6.44956e-06 6.54136e-06
True_Rotation 1.23 0.954225 -0.298988 0.007737 0.298994 0.954255 0.000353 -0.007489 0.001976 0.999970 
Pred_Rotation 1.23 0.955187 0.295974 -0.00402421 -0.295961 0.955193 0.00360526 0.00491068 -0.00225224 0.999985 
Uncertainty 1.23 6.35661e-06 6.46491e-06 6.56135e-06
True_Rotation 1.24 0.953044 -0.302779 0.005653 0.302773 0.953061 0.002009 -0.005996 -0.000203 0.999982 
Pred_Rotation 1.24 0.95425 0.298996 -0.00276599 -0.298992 0.954254 0.0017814 0.00317181 -0.000872442 0.999995 
Uncertainty 1.24 6.36657e-06 6.48007e-06 6.58134e-06
True_Rotation 1.25 0.951385 -0.307990 0.002759 0.307977 0.951383 0.004450 -0.003995 -0.003384 0.999986 
Pred_Rotation 1.25 0.952826 0.303515 -0.00102851 -0.303515 0.952826 -0.000872736 0.000714826 0.00114418 0.999999 
Uncertainty 1.25 6.37616e-06 6.49503e-06 6.60132e-06
True_Rotation 1.26 0.949297 -0.314380 -0.000911 0.314378 0.949267 0.007680 -0.001549 -0.007577 0.999970 
Pred_Rotation 1.26 0.950939 0.309375 0.00121809 -0.309366 0.950932 -0.00463752 -0.00259332 0.00403361 0.999988 
Uncertainty 1.26 6.39038e-06 6.51225e-06 6.62129e-06
True_Rotation 1.27 0.946866 -0.321587 -0.005052 0.321625 0.946800 0.011286 0.001154 -0.012311 0.999924 
Pred_Rotation 1.27 0.948666 0.316258 0.00383272 -0.316213 0.948643 -0.00925379 -0.00656274 0.00756725 0.99995 
Uncertainty 1.27 6.40437e-06 6.52933e-06 6.64125e-06
True_Rotation 1.28 0.944199 -0.329245 -0.009246 0.329351 0.944094 0.014637 0.003910 -0.016865 0.999850 
Pred_Rotation 1.28 0.9461 0.323808 0.00657871 -0.323696 0.946057 -0.0140512 -0.010774 0.0111647 0.99988 
Uncertainty 1.28 6.41812e-06 6.54629e-06 6.6612e-06
True_Rotation 1.29 0.941419 -0.336985 -0.013068 0.337175 0.941285 0.017184 0.006510 -0.020583 0.999767 
Pred_Rotation 1.29 0.943357 0.331649 0.00932627 -0.331446 0.943296 -0.018329 -0.0148765 0.0142 0.999788 
Uncertainty 1.29 6.43809e-06 6.56622e-06 6.68114e-06
True_Rotation 1.3 0.938636 -0.344537 -0.016036 0.344803 0.938488 0.018722 0.008599 -0.023103 0.999696 
Pred_Rotation 1.3 0.940578 0.339376 0.0116767 -0.339086 0.940512 -0.0213811 -0.0182386 0.0161517 0.999703 
Uncertainty 1.3 6.45805e-06 6.58612e-06 6.70109e-06
True_Rotation 1.31 0.935833 -0.351954 -0.018571 0.352293 0.935674 0.020084 0.010307 -0.025338 0.999626 
Pred_Rotation 1.31 0.937796 0.346921 0.0135594 -0.346556 0.937732 -0.0236128 -0.0209072 0.0174453 0.999629 
Uncertainty 1.31 6.47799e-06 6.60598e-06 6.72104e-06
True_Rotation 1.32 0.932983 -0.359302 -0.021104 0.359729 0.932796 0.022047 0.011764 -0.028161 0.999534 
Pred_Rotation 1.32 0.93498 0.354377 0.0151316 -0.353927 0.934909 -0.0260943 -0.0233942 0.0190426 0.999545 
Uncertainty 1.32 6.4979e-06 6.62582e-06 6.74099e-06
True_Rotation 1.33 0.930067 -0.366632 -0.023590 0.367159 0.929842 0.024247 0.013045 -0.031213 0.999428 
Pred_Rotation 1.33 0.932107 0.361807 0.0164771 -0.36125 0.932007 -0.029345 -0.0259743 0.0214008 0.999433 
Uncertainty 1.33 6.51777e-06 6.64561e-06 6.76094e-06
True_Rotation 1.34 0.927076 -0.373991 -0.025717 0.374605 0.926827 0.025742 0.014208 -0.033499 0.999338 
Pred_Rotation 1.34 0.929163 0.369245 0.0177168 -0.368587 0.929042 -0.0319898 -0.028272 0.023194 0.999331 
Uncertainty 1.34 6.53759e-06 6.66537e-06 6.78089e-06
True_Rotation 1.35 0.924022 -0.381350 -0.027484 0.382042 0.923749 0.027057 0.015071 -0.035501 0.999256 
Pred_Rotation 1.35 0.926142 0.376708 0.0187896 -0.375963 0.926009 -0.034044 -0.0302242 0.0244658 0.999244 
Uncertainty 1.35 6.55737e-06 6.68507e-06 6.80085e-06
True_Rotation 1.36 0.920934 -0.388639 -0.028972 0.389412 0.920610 0.028894 0.015443 -0.037892 0.999162 
Pred_Rotation 1.36 0.923084 0.38411 0.0193908 -0.383284 0.922922 -0.0361613 -0.0317864 0.0259482 0.999158 
Uncertainty 1.36 6.57709e-06 6.70472e-06 6.82081e-06
True_Rotation 1.37 0.917796 -0.395882 -0.030460 0.396748 0.917392 0.031343 0.015535 -0.040852 0.999044 
Pred_Rotation 1.37 0.919987 0.39146 0.0195642 -0.390535 0.919762 -0.0389835 -0.0332551 0.0282242 0.999048 
Uncertainty 1.37 6.59673e-06 6.72433e-06 6.84078e-06
True_Rotation 1.38 0.914586 -0.403136 -0.031845 0.404093 0.914098 0.033661 0.015540 -0.043654 0.998926 
Pred_Rotation 1.38 0.916828 0.3988 0.0196403 -0.397767 0.916523 -0.0420335 -0.034764 0.0307256 0.998923 
Uncertainty 1.38 6.61631e-06 6.74388e-06 6.86074e-06
True_Rotation 1.39 0.911300 -0.410439 -0.032736 0.411458 0.910742 0.035380 0.015293 -0.045711 0.998838 
Pred_Rotation 1.39 0.91359 0.406165 0.0195541 -0.405043 0.913211 -0.044547 -0.0359507 0.0327779 0.998816 
Uncertainty 1.39 6.6358e-06 6.76337e-06 6.8807e-06
True_Rotation 1.4 0.907957 -0.417766 -0.032937 0.418805 0.907346 0.036412 0.014674 -0.046855 0.998794 
Pred_Rotation 1.4 0.910286 0.413538 0.0191166 -0.412368 0.909846 -0.0461809 -0.036491 0.0341552 0.99875 
Uncertainty 1.4 6.6552e-06 6.78278e-06 6.90068e-06
True_Rotation 1.41 0.904569 -0.425086 -0.032521 0.426110 0.903911 0.037080 0.013634 -0.047399 0.998783 
Pred_Rotation 1.41 0.906939 0.420864 0.0183203 -0.419692 0.906454 -0.046903 -0.0363466 0.0348497 0.998731 
Uncertainty 1.41 6.67449e-06 6.8021e-06 6.92068e-06
True_Rotation 1.42 0.901135 -0.432385 -0.031607 0.433371 0.900417 0.037931 0.012058 -0.047879 0.998780 
Pred_Rotation 1.42 0.903539 0.428168 0.0169997 -0.427017 0.902996 -0.047474 -0.0356778 0.0356359 0.998728 
Uncertainty 1.42 6.69368e-06 6.82135e-06 6.94069e-06
True_Rotation 1.43 0.897682 -0.439614 -0.030107 0.440529 0.896910 0.038545 0.010059 -0.047864 0.998803 
Pred_Rotation 1.43 0.900114 0.43539 0.0151823 -0.434286 0.899501 -0.0479001 -0.034512 0.0365225 0.998737 
Uncertainty 1.43 6.71274e-06 6.84052e-06 6.96071e-06
True_Rotation 1.44 0.894211 -0.446773 -0.027939 0.447577 0.893423 0.038331 0.007836 -0.046781 0.998874 
Pred_Rotation 1.44 0.896673 0.442501 0.0130275 -0.441488 0.896015 -0.0473839 -0.0326405 0.0367369 0.998792 
Uncertainty 1.44 6.73168e-06 6.8596e-06 6.98075e-06
True_Rotation 1.45 0.890724 -0.453849 -0.025129 0.454511 0.889971 0.037044 0.005551 -0.044418 0.998998 
Pred_Rotation 1.45 0.893211 0.449509 0.0107715 -0.448622 0.892547 -0.0458035 -0.0302034 0.0360803 0.998892 
Uncertainty 1.45 6.75193e-06 6.87928e-06 7.0008e-06
True_Rotation 1.46 0.887281 -0.460731 -0.021445 0.461218 0.886633 0.034062 0.003320 -0.040113 0.999190 
Pred_Rotation 1.46 0.889745 0.456379 0.00846604 -0.455659 0.889133 -0.0426253 -0.026981 0.0340685 0.999055 
Uncertainty 1.46 6.7922e-06 6.91894e-06 7.04087e-06
True_Rotation 1.47 0.883971 -0.467238 -0.016849 0.467540 0.883493 0.029106 0.001286 -0.033607 0.999434 
Pred_Rotation 1.47 0.886386 0.462904 0.00634333 -0.462383 0.885899 -0.0372091 -0.0228441 0.030049 0.999287 
Uncertainty 1.47 6.85248e-06 6.97857e-06 7.10096e-06
True_Rotation 1.48 0.880842 -0.473272 -0.011477 0.473410 0.880521 0.023788 -0.001152 -0.026387 0.999651 
Pred_Rotation 1.48 0.883182 0.469011 0.00425571 -0.46869 0.882851 -0.030042 -0.0178475 0.0245384 0.99954 
Uncertainty 1.48 6.93274e-06 7.05819e-06 7.18106e-06
True_Rotation 1.49 0.877673 -0.479209 -0.006980 0.479248 0.877458 0.019717 -0.003324 -0.020650 0.999781 
Pred_Rotation 1.49 0.880153 0.474687 0.00146827 -0.474534 0.879941 -0.0228425 -0.0121353 0.0194086 0.999738 
Uncertainty 1.49 7.03298e-06 7.15781e-06 7.28114e-06
True_Rotation 1.5 0.874333 -0.485284 -0.006348 0.485313 0.874143 0.018564 -0.003459 -0.019312 0.999808 
Pred_Rotation 1.5 0.87687 0.480728 0.000343578 -0.480629 0.876704 -0.0196314 -0.00973885 0.0170495 0.999807 
Uncertainty 1.5 7.15326e-06 7.27742e-06 7.40115e-06
True_Rotation 1.51 0.870860 -0.491449 -0.008945 0.491528 0.870655 0.018965 -0.001532 -0.020912 0.999780 
Pred_Rotation 1.51 0.87348 0.486859 0.00126842 -0.486738 0.873315 -0.0201567 -0.0109215 0.0169895 0.999796 
