True_Rotation 0.01 0.929253 -0.348842 -0.121647 0.368982 0.859877 0.352794 -0.018468 -0.372720 0.927760 
Pred_Rotation 0.01 0.929253 0.368982 -0.018468 -0.348842 0.859877 -0.37272 -0.121647 0.352794 0.92776 
Uncertainty 0.01 4.0004e-06 4.0004e-06 4.0004e-06
True_Rotation 0.02 0.930451 -0.344168 -0.125737 0.366232 0.862598 0.348998 -0.011654 -0.370774 0.928650 
Pred_Rotation 0.02 0.930502 0.366129 -0.0107736 -0.343651 0.862439 -0.371623 -0.126771 0.349498 0.928321 
Uncertainty 0.02 4.0016e-06 4.0016e-06 4.0016e-06
True_Rotation 0.03 0.931582 -0.340419 -0.127558 0.363470 0.865681 0.344217 -0.006754 -0.367030 0.930185 
Pred_Rotation 0.03 0.931618 0.363405 -0.00494473 -0.339481 0.865269 -0.368866 -0.129769 0.345321 0.92947 
Uncertainty 0.03 4.0036e-06 4.0036e-06 4.0036e-06
True_Rotation 0.04 0.932735 -0.337336 -0.127321 0.360548 0.869284 0.338158 -0.003395 -0.361317 0.932437 
Pred_Rotation 0.04 0.932732 0.360569 -0.000903472 -0.336141 0.868629 -0.363995 -0.13046 0.339813 0.931401 
Uncertainty 0.04 4.0064e-06 4.0064e-06 4.0064e-06
True_Rotation 0.05 0.933963 -0.334697 -0.125261 0.357367 0.873451 0.330715 -0.001280 -0.353639 0.935381 
Pred_Rotation 0.05 0.933896 0.357541 0.0018634 -0.333298 0.872436 -0.357447 -0.129427 0.333197 0.933932 
Uncertainty 0.05 4.01e-06 4.01e-06 4.01e-06
True_Rotation 0.06 0.935339 -0.332471 -0.120847 0.353752 0.878499 0.321090 -0.000589 -0.343078 0.939307 
Pred_Rotation 0.06 0.935175 0.354169 0.003291 -0.330906 0.876987 -0.348418 -0.126285 0.324743 0.937334 
Uncertainty 0.06 4.0144e-06 4.0144e-06 4.0144e-06
True_Rotation 0.07 0.936896 -0.330621 -0.113645 0.349604 0.884620 0.308584 -0.001492 -0.328842 0.944384 
Pred_Rotation 0.07 0.93664 0.350279 0.00321773 -0.328879 0.882506 -0.336188 -0.120599 0.313828 0.94179 
Uncertainty 0.07 4.0196e-06 4.0196e-06 4.0196e-06
True_Rotation 0.08 0.938594 -0.329197 -0.103300 0.344998 0.891802 0.292687 -0.004228 -0.310353 0.950612 
Pred_Rotation 0.08 0.938277 0.345881 0.0014444 -0.327288 0.889176 -0.319763 -0.111884 0.299553 0.947497 
Uncertainty 0.08 4.0256e-06 4.02559e-06 4.02559e-06
True_Rotation 0.09 0.940175 -0.328324 -0.090962 0.340586 0.899112 0.274952 -0.008488 -0.289484 0.957145 
Pred_Rotation 0.09 0.940027 0.341092 -0.00231734 -0.326112 0.896711 -0.299266 -0.0999993 0.282074 0.954167 
Uncertainty 0.09 4.0324e-06 4.03238e-06 4.03238e-06
True_Rotation 0.1 0.941398 -0.327613 -0.080247 0.337065 0.904905 0.259872 -0.012522 -0.271691 0.962303 
Pred_Rotation 0.1 0.941357 0.337348 -0.00651207 -0.325606 0.903191 -0.279689 -0.0884711 0.265408 0.960068 
Uncertainty 0.1 4.03999e-06 4.03996e-06 4.03996e-06
True_Rotation 0.11 0.942434 -0.326664 -0.071478 0.333997 0.909162 0.248738 -0.016269 -0.258293 0.965930 
Pred_Rotation 0.11 0.94249 0.334075 -0.0103009 -0.324795 0.908167 -0.264086 -0.0788696 0.252244 0.964444 
Uncertainty 0.11 4.04839e-06 4.04833e-06 4.04833e-06
True_Rotation 0.12 0.943316 -0.325658 -0.064042 0.331293 0.912278 0.240819 -0.020001 -0.248385 0.968455 
Pred_Rotation 0.12 0.943455 0.3312 -0.0140799 -0.323836 0.911734 -0.252726 -0.070866 0.242996 0.967435 
Uncertainty 0.12 4.05759e-06 4.05749e-06 4.0575e-06
True_Rotation 0.13 0.944061 -0.324703 -0.057587 0.328951 0.914945 0.233809 -0.023230 -0.239673 0.970576 
Pred_Rotation 0.13 0.94428 0.328669 -0.0176666 -0.322863 0.914492 -0.243854 -0.0639911 0.23597 0.969651 
Uncertainty 0.13 4.06758e-06 4.06744e-06 4.06745e-06
True_Rotation 0.14 0.944673 -0.323876 -0.051933 0.327017 0.917594 0.226012 -0.025546 -0.230491 0.972739 
Pred_Rotation 0.14 0.944962 0.326537 -0.0204989 -0.322008 0.917101 -0.235026 -0.0579451 0.228691 0.971773 
Uncertainty 0.14 4.07838e-06 4.07818e-06 4.07819e-06
True_Rotation 0.15 0.945195 -0.323077 -0.047192 0.325402 0.920231 0.217459 -0.026829 -0.220897 0.974928 
Pred_Rotation 0.15 0.945521 0.3248 -0.022252 -0.32126 0.919774 -0.225405 -0.0527446 0.220274 0.974011 
Uncertainty 0.15 4.08997e-06 4.08972e-06 4.08972e-06
True_Rotation 0.16 0.945670 -0.322209 -0.043478 0.323980 0.922635 0.209241 -0.027305 -0.211959 0.976897 
Pred_Rotation 0.16 0.94602 0.323284 -0.0231054 -0.320454 0.922297 -0.21605 -0.0485352 0.211791 0.976109 
Uncertainty 0.16 4.10237e-06 4.10204e-06 4.10204e-06
True_Rotation 0.17 0.946105 -0.321299 -0.040644 0.322719 0.924791 0.201530 -0.027165 -0.203785 0.978639 
Pred_Rotation 0.17 0.946468 0.32196 -0.0232305 -0.319594 0.924533 -0.207601 -0.0453618 0.203912 0.977938 
Uncertainty 0.17 4.11556e-06 4.11515e-06 4.11515e-06
True_Rotation 0.18 0.946517 -0.320373 -0.038297 0.321549 0.926790 0.194078 -0.026684 -0.196012 0.980238 
Pred_Rotation 0.18 0.946889 0.320745 -0.0228744 -0.318695 0.926601 -0.199612 -0.0428291 0.1963 0.979608 
Uncertainty 0.18 4.12955e-06 4.12904e-06 4.12905e-06
True_Rotation 0.19 0.946929 -0.319386 -0.036306 0.320394 0.928685 0.186794 -0.025942 -0.188513 0.981728 
Pred_Rotation 0.19 0.947314 0.319521 -0.0224075 -0.317716 0.928475 -0.192332 -0.0406492 0.189318 0.981074 
Uncertainty 0.19 4.14434e-06 4.14373e-06 4.14374e-06
True_Rotation 0.2 0.947313 -0.318391 -0.035015 0.319379 0.930562 0.179030 -0.024418 -0.180780 0.983220 
Pred_Rotation 0.2 0.947702 0.318442 -0.0213367 -0.316772 0.930366 -0.184592 -0.0389309 0.181697 0.982584 
Uncertainty 0.2 4.15993e-06 4.1592e-06 4.15922e-06
True_Rotation 0.21 0.947672 -0.317340 -0.034826 0.318503 0.932395 0.170865 -0.021751 -0.173016 0.984679 
Pred_Rotation 0.21 0.948068 0.317481 -0.0192877 -0.315765 0.932193 -0.176943 -0.0381961 0.173844 0.984032 
Uncertainty 0.21 4.17632e-06 4.17546e-06 4.17548e-06
True_Rotation 0.22 0.947895 -0.316617 -0.035350 0.318035 0.933906 0.163318 -0.018695 -0.166051 0.985940 
Pred_Rotation 0.22 0.948397 0.316684 -0.0159643 -0.314731 0.934032 -0.168905 -0.0385784 0.165214 0.985503 
Uncertainty 0.22 4.19351e-06 4.19251e-06 4.19253e-06
True_Rotation 0.23 0.948085 -0.316008 -0.035687 0.317624 0.935361 0.155608 -0.015793 -0.158865 0.987174 
Pred_Rotation 0.23 0.948587 0.316253 -0.0128859 -0.31408 0.935466 -0.162039 -0.0391911 0.157756 0.9867 
Uncertainty 0.23 4.2115e-06 4.21034e-06 4.21037e-06
True_Rotation 0.24 0.948237 -0.315615 -0.035128 0.317271 0.936799 0.147467 -0.013635 -0.150979 0.988443 
Pred_Rotation 0.24 0.948756 0.315844 -0.0102612 -0.313578 0.936935 -0.154346 -0.039135 0.149654 0.987964 
Uncertainty 0.24 4.23029e-06 4.22895e-06 4.22899e-06
True_Rotation 0.25 0.948336 -0.315520 -0.033239 0.317010 0.938145 0.139242 -0.012751 -0.142586 0.989700 
Pred_Rotation 0.25 0.948867 0.315556 -0.00865273 -0.31337 0.938278 -0.146403 -0.0380797 0.141629 0.989187 
Uncertainty 0.25 4.24988e-06 4.24835e-06 4.24839e-06
True_Rotation 0.26 0.948386 -0.315686 -0.030101 0.316848 0.939384 0.131013 -0.013082 -0.133789 0.990924 
Pred_Rotation 0.26 0.948952 0.315305 -0.00852659 -0.313435 0.939608 -0.13746 -0.0353301 0.133115 0.990471 
Uncertainty 0.26 4.27027e-06 4.26852e-06 4.26858e-06
True_Rotation 0.27 0.948332 -0.316148 -0.026779 0.316974 0.940325 0.123756 -0.013944 -0.125850 0.991951 
Pred_Rotation 0.27 0.948956 0.315277 -0.00914843 -0.31377 0.940672 -0.129167 -0.0321179 0.125445 0.991581 
Uncertainty 0.27 4.29146e-06 4.28948e-06 4.28954e-06
True_Rotation 0.28 0.948180 -0.316897 -0.023051 0.317366 0.941091 0.116731 -0.015298 -0.117997 0.992896 
Pred_Rotation 0.28 0.948849 0.315566 -0.0102375 -0.314425 0.941478 -0.121471 -0.0286938 0.118477 0.992542 
Uncertainty 0.28 4.31345e-06 4.31121e-06 4.31127e-06
True_Rotation 0.29 0.947978 -0.317780 -0.018820 0.317879 0.941793 0.109450 -0.017057 -0.109739 0.993814 
Pred_Rotation 0.29 0.94867 0.316044 -0.01185 -0.315303 0.942198 -0.113346 -0.0246573 0.111265 0.993485 
Uncertainty 0.29 4.33625e-06 4.33371e-06 4.33379e-06
True_Rotation 0.3 0.947769 -0.318620 -0.014652 0.318397 0.942391 0.102581 -0.018876 -0.101888 0.994617 
Pred_Rotation 0.3 0.948468 0.316575 -0.0137169 -0.316221 0.942857 -0.105003 -0.0203083 0.10393 0.994377 
Uncertainty 0.3 4.35984e-06 4.35699e-06 4.35707e-06
True_Rotation 0.31 0.947599 -0.319275 -0.010904 0.318794 0.942864 0.096840 -0.020638 -0.095242 0.995240 
Pred_Rotation 0.31 0.948276 0.31707 -0.0154471 -0.317019 0.943359 -0.0978447 -0.0164514 0.0976809 0.995082 
Uncertainty 0.31 4.38423e-06 4.38105e-06 4.38113e-06
True_Rotation 0.32 0.947537 -0.319579 -0.006516 0.318823 0.943442 0.090935 -0.022913 -0.088242 0.995835 
Pred_Rotation 0.32 0.948161 0.317313 -0.0174116 -0.317542 0.943832 -0.0913678 -0.0125585 0.0921603 0.995665 
Uncertainty 0.32 4.40943e-06 4.40588e-06 4.40597e-06
True_Rotation 0.33 0.947568 -0.319551 -0.001400 0.318526 0.944159 0.084284 -0.025611 -0.080311 0.996441 
Pred_Rotation 0.33 0.948173 0.317127 -0.0199747 -0.317663 0.944503 -0.0836892 -0.00767397 0.0856971 0.996292 
Uncertainty 0.33 4.43542e-06 4.43149e-06 4.43158e-06
True_Rotation 0.34 0.947590 -0.319481 0.002197 0.318316 0.944680 0.079091 -0.027343 -0.074246 0.996865 
Pred_Rotation 0.34 0.94818 0.31695 -0.0223135 -0.317719 0.945082 -0.0766491 -0.00320591 0.0797665 0.996808 
Uncertainty 0.34 4.46221e-06 4.45787e-06 4.45796e-06
True_Rotation 0.35 0.947663 -0.319243 0.004192 0.318054 0.945116 0.074809 -0.027845 -0.069560 0.997189 
Pred_Rotation 0.35 0.948229 0.31673 -0.0233404 -0.317588 0.945521 -0.0716063 -0.000611016 0.0753117 0.99716 
Uncertainty 0.35 4.48981e-06 4.48503e-06 4.48512e-06
True_Rotation 0.36 0.947751 -0.318970 0.005185 0.317838 0.945530 0.070373 -0.027349 -0.065048 0.997507 
Pred_Rotation 0.36 0.948305 0.316499 -0.0233581 -0.317358 0.945928 -0.0671126 0.000854071 0.0710561 0.997472 
Uncertainty 0.36 4.51819e-06 4.51296e-06 4.51306e-06
True_Rotation 0.37 0.947862 -0.318638 0.005273 0.317623 0.945932 0.065796 -0.025953 -0.060690 0.997819 
Pred_Rotation 0.37 0.948404 0.316277 -0.022348 -0.317062 0.946341 -0.0625322 0.00137138 0.0663915 0.997793 
Uncertainty 0.37 4.54738e-06 4.54168e-06 4.54178e-06
True_Rotation 0.38 0.947979 -0.318300 0.004646 0.317420 0.946262 0.061909 -0.024102 -0.057214 0.998071 
Pred_Rotation 0.38 0.94853 0.316012 -0.0206521 -0.316684 0.946719 -0.0586079 0.0010309 0.0621316 0.998067 
Uncertainty 0.38 4.57737e-06 4.57118e-06 4.57128e-06
True_Rotation 0.39 0.948041 -0.318130 0.003542 0.317386 0.946478 0.058695 -0.022025 -0.054521 0.998270 
Pred_Rotation 0.39 0.948613 0.315885 -0.0186939 -0.316438 0.946983 -0.0555962 0.000140802 0.0586548 0.998278 
Uncertainty 0.39 4.60816e-06 4.60146e-06 4.60157e-06
True_Rotation 0.4 0.947912 -0.318524 0.002167 0.317900 0.946440 0.056484 -0.020042 -0.052853 0.998401 
Pred_Rotation 0.4 0.948634 0.315946 -0.0164726 -0.316373 0.947147 -0.0531179 -0.00118039 0.0556009 0.998452 
Uncertainty 0.4 4.63974e-06 4.63253e-06 4.63265e-06
True_Rotation 0.41 0.947714 -0.319119 0.001081 0.318592 0.946330 0.054389 -0.018380 -0.051200 0.998519 
Pred_Rotation 0.41 0.948416 0.316688 -0.0146765 -0.317018 0.947003 -0.0518131 -0.00250984 0.0537931 0.998549 
Uncertainty 0.41 4.67213e-06 4.66439e-06 4.66452e-06
True_Rotation 0.42 0.947571 -0.319544 0.000629 0.319088 0.946321 0.051570 -0.017074 -0.048666 0.998669 
Pred_Rotation 0.42 0.948237 0.31729 -0.0131924 -0.317548 0.946939 -0.0496974 -0.00327607 0.0513141 0.998677 
Uncertainty 0.42 4.70532e-06 4.69704e-06 4.69719e-06
True_Rotation 0.43 0.947510 -0.319724 0.000740 0.319319 0.946420 0.048221 -0.016118 -0.045453 0.998836 
Pred_Rotation 0.43 0.948126 0.317667 -0.0120613 -0.317877 0.946977 -0.0467822 -0.00343934 0.0481894 0.998832 
Uncertainty 0.43 4.73931e-06 4.73048e-06 4.73063e-06
True_Rotation 0.44 0.947547 -0.319614 0.001385 0.319241 0.946633 0.044398 -0.015501 -0.041627 0.999013 
Pred_Rotation 0.44 0.948113 0.317734 -0.0112789 -0.31792 0.947128 -0.0433164 -0.00308058 0.0446546 0.998998 
Uncertainty 0.44 4.77409e-06 4.7647e-06 4.76487e-06
True_Rotation 0.45 0.947658 -0.319279 0.002516 0.318928 0.946932 0.040074 -0.015178 -0.037174 0.999194 
Pred_Rotation 0.45 0.948191 0.317517 -0.0108237 -0.317694 0.947387 -0.0390829 -0.00215525 0.0404966 0.999177 
Uncertainty 0.45 4.80968e-06 4.79971e-06 4.79988e-06
True_Rotation 0.46 0.947801 -0.318840 0.003859 0.318508 0.947246 0.035742 -0.015052 -0.032647 0.999354 
Pred_Rotation 0.46 0.948321 0.317135 -0.0106168 -0.317312 0.947694 -0.0344943 -0.000877913 0.0360805 0.999348 
Uncertainty 0.46 4.84607e-06 4.83549e-06 4.83567e-06
True_Rotation 0.47 0.947962 -0.318341 0.005159 0.318027 0.947543 0.031961 -0.015063 -0.028658 0.999476 
Pred_Rotation 0.47 0.948473 0.316681 -0.0105565 -0.316857 0.947995 -0.0301168 0.000470114 0.0319099 0.999491 
Uncertainty 0.47 4.88326e-06 4.87205e-06 4.87223e-06
True_Rotation 0.48 0.948136 -0.317803 0.006313 0.317504 0.947816 0.028900 -0.015168 -0.025397 0.999562 
Pred_Rotation 0.48 0.948641 0.316176 -0.0106422 -0.31635 0.948269 -0.0266112 0.0016779 0.0286111 0.999589 
Uncertainty 0.48 4.92125e-06 4.90939e-06 4.90958e-06
True_Rotation 0.49 0.948320 -0.317229 0.007369 0.316947 0.948084 0.026104 -0.015268 -0.022419 0.999632 
Pred_Rotation 0.49 0.948819 0.315638 -0.0107395 -0.315808 0.948533 -0.0234698 0.00277878 0.0256602 0.999667 
Uncertainty 0.49 4.96004e-06 4.9475e-06 4.9477e-06
True_Rotation 0.5 0.948518 -0.316617 0.008270 0.316351 0.948344 0.023797 -0.015377 -0.019956 0.999683 
Pred_Rotation 0.5 0.94901 0.31506 -0.0108495 -0.315224 0.948792 -0.0206755 0.00377992 0.0230412 0.999727 
Uncertainty 0.5 4.99963e-06 4.9864e-06 4.98661e-06
True_Rotation 0.51 0.948726 -0.315975 0.008923 0.315723 0.948593 0.022144 -0.015462 -0.018192 0.999715 
Pred_Rotation 0.51 0.949212 0.314448 -0.0109535 -0.314606 0.94904 -0.0186002 0.0045465 0.0211016 0.999767 
Uncertainty 0.51 5.04002e-06 5.02609e-06 5.0263e-06
True_Rotation 0.52 0.948940 -0.315314 0.009426 0.315074 0.948839 0.020832 -0.015513 -0.016799 0.999739 
Pred_Rotation 0.52 0.949425 0.313802 -0.0110127 -0.313954 0.949284 -0.0170967 0.00508919 0.0196895 0.999793 
Uncertainty 0.52 5.08121e-06 5.06657e-06 5.06678e-06
True_Rotation 0.53 0.949155 -0.314651 0.009972 0.314426 0.949086 0.019290 -0.015534 -0.015174 0.999764 
Pred_Rotation 0.53 0.949637 0.313156 -0.0110647 -0.313301 0.949523 -0.0157374 0.00557797 0.0184115 0.999815 
Uncertainty 0.53 5.1232e-06 5.10783e-06 5.10806e-06
True_Rotation 0.54 0.949371 -0.313976 0.010645 0.313773 0.949341 0.017262 -0.015526 -0.013048 0.999794 
Pred_Rotation 0.54 0.949853 0.312503 -0.0110405 -0.312637 0.949774 -0.0137072 0.0062024 0.0164715 0.999845 
Uncertainty 0.54 5.16599e-06 5.14989e-06 5.15012e-06
True_Rotation 0.55 0.949581 -0.313318 0.011321 0.313132 0.949582 0.015570 -0.015629 -0.011240 0.999815 
Pred_Rotation 0.55 0.950066 0.311851 -0.0110801 -0.311971 0.95002 -0.011629 0.00689981 0.014505 0.999871 
Uncertainty 0.55 5.20958e-06 5.19273e-06 5.19297e-06
True_Rotation 0.56 0.949774 -0.312711 0.011907 0.312537 0.949796 0.014439 -0.015824 -0.009992 0.999825 
Pred_Rotation 0.56 0.950269 0.311226 -0.0112525 -0.311339 0.950245 -0.0101744 0.00752606 0.0131717 0.999885 
Uncertainty 0.56 5.25397e-06 5.23636e-06 5.23661e-06
True_Rotation 0.57 0.949941 -0.312184 0.012379 0.312021 0.949980 0.013466 -0.015963 -0.008929 0.999833 
Pred_Rotation 0.57 0.950449 0.310668 -0.0114482 -0.310774 0.950441 -0.00905119 0.0080689 0.0121605 0.999893 
Uncertainty 0.57 5.29915e-06 5.28079e-06 5.28104e-06
True_Rotation 0.58 0.950085 -0.311734 0.012675 0.311585 0.950136 0.012486 -0.015935 -0.007914 0.999842 
Pred_Rotation 0.58 0.950603 0.310196 -0.0115055 -0.310294 0.950607 -0.0080162 0.00845066 0.0111903 0.999902 
Uncertainty 0.58 5.34514e-06 5.326e-06 5.32627e-06
True_Rotation 0.59 0.950216 -0.311331 0.012771 0.311197 0.950276 0.011496 -0.015715 -0.006949 0.999852 
Pred_Rotation 0.59 0.950737 0.309789 -0.0113928 -0.309878 0.950751 -0.00701135 0.00865966 0.0101963 0.999911 
Uncertainty 0.59 5.39193e-06 5.37201e-06 5.37228e-06
True_Rotation 0.6 0.950346 -0.310935 0.012701 0.310818 0.950413 0.010403 -0.015306 -0.005939 0.999865 
Pred_Rotation 0.6 0.950863 0.309413 -0.011056 -0.30949 0.950883 -0.00609521 0.008627 0.00921742 0.99992 
Uncertainty 0.6 5.43951e-06 5.41881e-06 5.4191e-06
True_Rotation 0.61 0.950480 -0.310528 0.012652 0.310432 0.950553 0.009021 -0.014828 -0.004647 0.999879 
Pred_Rotation 0.61 0.950996 0.309022 -0.0105966 -0.309085 0.951022 -0.00492121 0.00855685 0.00795529 0.999932 
Uncertainty 0.61 5.48789e-06 5.46641e-06 5.46671e-06
True_Rotation 0.62 0.950602 -0.310152 0.012720 0.310079 0.950682 0.007366 -0.014377 -0.003058 0.999892 
Pred_Rotation 0.62 0.951123 0.308648 -0.0101138 -0.308696 0.951154 -0.00353287 0.00852941 0.00648227 0.999943 
Uncertainty 0.62 5.53708e-06 5.5148e-06 5.51511e-06
True_Rotation 0.63 0.950704 -0.309828 0.012973 0.309780 0.950792 0.005627 -0.014078 -0.001331 0.999900 
Pred_Rotation 0.63 0.951234 0.308318 -0.00971282 -0.308348 0.951272 -0.00169119 0.00871812 0.00460364 0.999951 
Uncertainty 0.63 5.58706e-06 5.56397e-06 5.56429e-06
True_Rotation 0.64 0.950787 -0.309561 0.013277 0.309530 0.950880 0.004407 -0.013989 -0.000081 0.999902 
Pred_Rotation 0.64 0.951322 0.308051 -0.00953775 -0.308068 0.951364 -0.000243585 0.00899885 0.00316999 0.999954 
Uncertainty 0.64 5.63784e-06 5.61394e-06 5.61427e-06
True_Rotation 0.65 0.950868 -0.309297 0.013611 0.309279 0.950965 0.003464 -0.014015 0.000916 0.999901 
Pred_Rotation 0.65 0.951401 0.307808 -0.00951622 -0.307814 0.951446 0.000859689 0.0093188 0.00211131 0.999954 
Uncertainty 0.65 5.68943e-06 5.66469e-06 5.66504e-06
True_Rotation 0.66 0.950956 -0.309013 0.013933 0.309006 0.951056 0.002746 -0.014100 0.001694 0.999899 
Pred_Rotation 0.66 0.951486 0.307542 -0.0095828 -0.30754 0.951534 0.00176955 0.00966258 0.00126338 0.999953 
Uncertainty 0.66 5.74181e-06 5.71624e-06 5.7166e-06
True_Rotation 0.67 0.951043 -0.308732 0.014217 0.308734 0.951146 0.002138 -0.014183 0.002356 0.999897 
Pred_Rotation 0.67 0.951574 0.307267 -0.00967596 -0.307258 0.951623 0.00239804 0.00994472 0.000691094 0.99995 
Uncertainty 0.67 5.795e-06 5.76858e-06 5.76895e-06
True_Rotation 0.68 0.951121 -0.308475 0.014544 0.308488 0.951227 0.001404 -0.014268 0.003151 0.999893 
Pred_Rotation 0.68 0.951659 0.307001 -0.00973935 -0.306984 0.951709 0.00318192 0.0102459 -3.82956e-05 0.999948 
Uncertainty 0.68 5.84898e-06 5.82172e-06 5.8221e-06
True_Rotation 0.69 0.951177 -0.308288 0.014869 0.308309 0.951286 0.000941 -0.014435 0.003689 0.999889 
Pred_Rotation 0.69 0.951728 0.306782 -0.00986747 -0.306758 0.951779 0.00393616 0.0105992 -0.000719239 0.999944 
Uncertainty 0.69 5.90376e-06 5.87565e-06 5.87604e-06
True_Rotation 0.7 0.951208 -0.308178 0.015153 0.308200 0.951321 0.000880 -0.014686 0.003833 0.999885 
Pred_Rotation 0.7 0.95177 0.306648 -0.0100712 -0.306621 0.951822 0.00418377 0.0108689 -0.000893954 0.999941 
Uncertainty 0.7 5.95935e-06 5.93038e-06 5.93078e-06
True_Rotation 0.71 0.951228 -0.308099 0.015515 0.308124 0.951346 0.000814 -0.015011 0.004006 0.999879 
Pred_Rotation 0.71 0.951796 0.306556 -0.0103749 -0.306527 0.951852 0.00431705 0.0111988 -0.000928759 0.999937 
Uncertainty 0.71 6.01574e-06 5.98591e-06 5.98632e-06
True_Rotation 0.72 0.951247 -0.308020 0.015926 0.308052 0.951369 0.000455 -0.015292 0.004474 0.999873 
Pred_Rotation 0.72 0.951812 0.306497 -0.0107042 -0.306465 0.951871 0.00454888 0.0115833 -0.00104922 0.999932 
Uncertainty 0.72 6.07292e-06 6.04223e-06 6.04265e-06
True_Rotation 0.73 0.951284 -0.307886 0.016295 0.307930 0.951409 -0.000256 -0.015425 0.005262 0.999867 
Pred_Rotation 0.73 0.95184 0.3064 -0.0109131 -0.306359 0.951901 0.00533056 0.0120215 -0.00173054 0.999926 
Uncertainty 0.73 6.13091e-06 6.09935e-06 6.09979e-06
True_Rotation 0.74 0.951337 -0.307710 0.016513 0.307766 0.951462 -0.000880 -0.015441 0.005919 0.999863 
Pred_Rotation 0.74 0.951886 0.306255 -0.01097 -0.306205 0.951947 0.00597818 0.0122737 -0.00233148 0.999922 
Uncertainty 0.74 6.18969e-06 6.15727e-06 6.15772e-06
True_Rotation 0.75 0.951396 -0.307513 0.016767 0.307582 0.951520 -0.001657 -0.015445 0.006733 0.999858 
Pred_Rotation 0.75 0.951945 0.306073 -0.0109624 -0.306015 0.952003 0.00672558 0.0124948 -0.00304773 0.999917 
Uncertainty 0.75 6.24927e-06 6.21598e-06 6.21644e-06
True_Rotation 0.76 0.951456 -0.307308 0.017101 0.307393 0.951580 -0.002506 -0.015503 0.007641 0.999851 
Pred_Rotation 0.76 0.952002 0.305895 -0.0109942 -0.305825 0.952057 0.00759247 0.0127896 -0.00386576 0.999911 
Uncertainty 0.76 6.30966e-06 6.27549e-06 6.27596e-06
True_Rotation 0.77 0.951526 -0.307077 0.017361 0.307175 0.951648 -0.003221 -0.015532 0.008397 0.999844 
Pred_Rotation 0.77 0.952068 0.305685 -0.0110776 -0.305603 0.952121 0.00853639 0.0131567 -0.00474189 0.999902 
Uncertainty 0.77 6.37084e-06 6.33579e-06 6.33627e-06
True_Rotation 0.78 0.951596 -0.306867 0.017256 0.306966 0.951715 -0.003345 -0.015397 0.008480 0.999846 
Pred_Rotation 0.78 0.952139 0.305467 -0.0110154 -0.305379 0.952188 0.00900685 0.01324 -0.00521192 0.999899 
Uncertainty 0.78 6.43282e-06 6.39688e-06 6.39738e-06
True_Rotation 0.79 0.951656 -0.306701 0.016869 0.306792 0.951772 -0.003007 -0.015133 0.008037 0.999853 
Pred_Rotation 0.79 0.952204 0.30527 -0.0108176 -0.305187 0.952253 0.00866752 0.012947 -0.00495187 0.999904 
Uncertainty 0.79 6.4956e-06 6.45877e-06 6.45928e-06
True_Rotation 0.8 0.951709 -0.306565 0.016380 0.306648 0.951819 -0.002752 -0.014747 0.007642 0.999862 
Pred_Rotation 0.8 0.952256 0.305121 -0.0104874 -0.305045 0.952302 0.00827378 0.0125117 -0.00467965 0.999911 
Uncertainty 0.8 6.55918e-06 6.52147e-06 6.522e-06
True_Rotation 0.81 0.951764 -0.306424 0.015789 0.306498 0.951868 -0.002465 -0.014273 0.007186 0.999872 
Pred_Rotation 0.81 0.952308 0.304972 -0.0100499 -0.304903 0.952351 0.0078454 0.0119637 -0.00440701 0.999919 
Uncertainty 0.81 6.62356e-06 6.58497e-06 6.58551e-06
True_Rotation 0.82 0.951820 -0.306280 0.015189 0.306347 0.951917 -0.002293 -0.013756 0.006836 0.999882 
Pred_Rotation 0.82 0.952362 0.304822 -0.0095475 -0.30476 0.952401 0.00736826 0.0113391 -0.00410756 0.999927 
Uncertainty 0.82 6.68874e-06 6.64927e-06 6.64983e-06
True_Rotation 0.83 0.951880 -0.306120 0.014671 0.306186 0.951969 -0.002416 -0.013227 0.006792 0.999889 
Pred_Rotation 0.83 0.952417 0.304666 -0.00902293 -0.304608 0.95245 0.00721377 0.0107917 -0.00412206 0.999933 
Uncertainty 0.83 6.75471e-06 6.71437e-06 6.71495e-06
True_Rotation 0.84 0.951949 -0.305924 0.014282 0.305993 0.952030 -0.002844 -0.012727 0.007077 0.999894 
Pred_Rotation 0.84 0.952476 0.304495 -0.00849023 -0.304439 0.952504 0.00723737 0.0102907 -0.00430867 0.999938 
Uncertainty 0.84 6.82149e-06 6.78028e-06 6.78088e-06
True_Rotation 0.85 0.952037 -0.305654 0.014192 0.305733 0.952110 -0.003712 -0.012378 0.007873 0.999892 
Pred_Rotation 0.85 0.952552 0.304271 -0.00803946 -0.304211 0.952572 0.0078763 0.0100547 -0.0050569 0.999937 
Uncertainty 0.85 6.88907e-06 6.84698e-06 6.8476e-06
True_Rotation 0.86 0.952144 -0.305314 0.014304 0.305404 0.952212 -0.004487 -0.012251 0.008641 0.999888 
Pred_Rotation 0.86 0.952649 0.303971 -0.0078172 -0.303904 0.952663 0.00873377 0.010102 -0.00594455 0.999931 
Uncertainty 0.86 6.95744e-06 6.91447e-06 6.91511e-06
True_Rotation 0.87 0.952263 -0.304939 0.014404 0.305036 0.952327 -0.005028 -0.012184 0.009182 0.999884 
Pred_Rotation 0.87 0.952763 0.303616 -0.0077684 -0.303543 0.952772 0.00935303 0.0102413 -0.00655319 0.999926 
Uncertainty 0.87 7.02662e-06 6.98276e-06 6.98342e-06
True_Rotation 0.88 0.952386 -0.304557 0.014335 0.304659 0.952446 -0.005487 -0.011982 0.009593 0.999882 
Pred_Rotation 0.88 0.952883 0.303241 -0.00763792 -0.303164 0.952887 0.00985614 0.0102669 -0.00707622 0.999922 
Uncertainty 0.88 7.0966e-06 7.05185e-06 7.05252e-06
True_Rotation 0.89 0.952504 -0.304199 0.014103 0.304300 0.952559 -0.005705 -0.011699 0.009726 0.999884 
Pred_Rotation 0.89 0.953006 0.302862 -0.00736577 -0.302783 0.953005 0.0101546 0.0100951 -0.00744718 0.999921 
Uncertainty 0.89 7.16738e-06 7.12173e-06 7.12242e-06
True_Rotation 0.9 0.952588 -0.303949 0.013816 0.304047 0.952641 -0.005565 -0.011471 0.009502 0.999889 
Pred_Rotation 0.9 0.953109 0.302544 -0.00710004 -0.302468 0.953106 0.010104 0.00982401 -0.00748274 0.999924 
Uncertainty 0.9 7.23895e-06 7.19241e-06 7.19312e-06
True_Rotation 0.91 0.952634 -0.303817 0.013579 0.303908 0.952687 -0.005204 -0.011355 0.009085 0.999894 
Pred_Rotation 0.91 0.953168 0.302361 -0.00691773 -0.30229 0.953166 0.00971791 0.00953208 -0.00717165 0.999929 
Uncertainty 0.91 7.31133e-06 7.2639e-06 7.26462e-06
True_Rotation 0.92 0.952675 -0.303694 0.013470 0.303780 0.952730 -0.004836 -0.011365 0.008699 0.999898 
Pred_Rotation 0.92 0.953207 0.30224 -0.00687884 -0.302173 0.953207 0.0093309 0.00937715 -0.00681569 0.999933 
Uncertainty 0.92 7.38451e-06 7.33618e-06 7.33692e-06
True_Rotation 0.93 0.952724 -0.303542 0.013382 0.303624 0.952781 -0.004504 -0.011383 0.008354 0.999900 
Pred_Rotation 0.93 0.953252 0.302096 -0.00692285 -0.302032 0.953256 0.0089314 0.0092974 -0.00642297 0.999936 
Uncertainty 0.93 7.45848e-06 7.40927e-06 7.41002e-06
True_Rotation 0.94 0.952781 -0.303370 0.013250 0.303448 0.952838 -0.004277 -0.011327 0.008095 0.999903 
Pred_Rotation 0.94 0.953305 0.301931 -0.00688753 -0.30187 0.95331 0.00867574 0.00918543 -0.0061915 0.999939 
Uncertainty 0.94 7.53326e-06 7.48316e-06 7.48393e-06
True_Rotation 0.95 0.952846 -0.303171 0.013139 0.303245 0.952904 -0.004007 -0.011305 0.007803 0.999906 
Pred_Rotation 0.95 0.953365 0.301743 -0.00682882 -0.301685 0.953371 0.00837187 0.00903656 -0.00592131 0.999942 
Uncertainty 0.95 7.60884e-06 7.55785e-06 7.55864e-06
True_Rotation 0.96 0.952923 -0.302925 0.013197 0.302999 0.952983 -0.003959 -0.011377 0.007771 0.999905 
Pred_Rotation 0.96 0.953434 0.301524 -0.00686205 -0.301468 0.953442 0.00812178 0.00899149 -0.00567491 0.999943 
Uncertainty 0.96 7.68521e-06 7.63334e-06 7.63415e-06
True_Rotation 0.97 0.953019 -0.302613 0.013430 0.302692 0.953079 -0.004243 -0.011516 0.008109 0.999901 
Pred_Rotation 0.97 0.953522 0.301244 -0.00696322 -0.301185 0.953529 0.00839002 0.00916709 -0.00590285 0.999941 
Uncertainty 0.97 7.76239e-06 7.70964e-06 7.71046e-06
True_Rotation 0.98 0.953123 -0.302272 0.013725 0.302354 0.953186 -0.004355 -0.011766 0.008300 0.999896 
Pred_Rotation 0.98 0.953624 0.300915 -0.00714348 -0.300852 0.953631 0.00868793 0.00942658 -0.00613591 0.999937 
Uncertainty 0.98 7.84037e-06 7.78673e-06 7.78756e-06
True_Rotation 0.99 0.953222 -0.301944 0.014068 0.302027 0.953291 -0.004131 -0.012164 0.008187 0.999893 
Pred_Rotation 0.99 0.953728 0.300577 -0.00747897 -0.300511 0.953738 0.00875434 0.00976434 -0.00610176 0.999934 
Uncertainty 0.99 7.91915e-06 7.86462e-06 7.86547e-06
True_Rotation 1 0.953315 -0.301636 0.014371 0.301713 0.953392 -0.003479 -0.012652 0.007653 0.999891 
Pred_Rotation 1 0.953823 0.300264 -0.00792582 -0.300199 0.953839 0.00844283 0.010095 -0.00567365 0.999933 
Uncertainty 1 7.99873e-06 7.9433e-06 7.94417e-06
True_Rotation 1.01 0.953415 -0.301308 0.014593 0.301375 0.953502 -0.002567 -0.013141 0.006846 0.999890 
Pred_Rotation 1.01 0.953919 0.299945 -0.00845321 -0.299885 0.953944 0.00768368 0.0103686 -0.00479463 0.999935 
Uncertainty 1.01 8.07912e-06 8.0228e-06 8.02367e-06
True_Rotation 1.02 0.953535 -0.300922 0.014737 0.300981 0.953628 -0.001920 -0.013476 0.006266 0.999890 
Pred_Rotation 1.02 0.954029 0.299584 -0.00886644 -0.29953 0.954062 0.00691636 0.0105312 -0.00394265 0.999937 
Uncertainty 1.02 8.1603e-06 8.1031e-06 8.10398e-06
True_Rotation 1.03 0.953670 -0.300492 0.014780 0.300546 0.953766 -0.001564 -0.013626 0.005934 0.999890 
Pred_Rotation 1.03 0.954161 0.299155 -0.00912585 -0.299103 0.954198 0.00659218 0.01068 -0.00356044 0.999937 
Uncertainty 1.03 8.24227e-06 8.1842e-06 8.1851e-06
True_Rotation 1.04 0.953797 -0.300099 0.014548 0.300145 0.953893 -0.001102 -0.013546 0.005417 0.999894 
Pred_Rotation 1.04 0.954294 0.29873 -0.00915151 -0.298684 0.954332 0.00613175 0.0105653 -0.00311809 0.999939 
Uncertainty 1.04 8.32505e-06 8.2661e-06 8.26702e-06
True_Rotation 1.05 0.953908 -0.299765 0.014188 0.299806 0.954000 -0.000814 -0.013291 0.005030 0.999899 
Pred_Rotation 1.05 0.954412 0.298357 -0.00897678 -0.298316 0.954451 0.00560573 0.0102404 -0.00267227 0.999944 
Uncertainty 1.05 8.40862e-06 8.34881e-06 8.34975e-06
True_Rotation 1.06 0.953998 -0.299493 0.013867 0.299535 0.954085 -0.000976 -0.012938 0.005085 0.999903 
Pred_Rotation 1.06 0.95451 0.298052 -0.00864824 -0.298014 0.954546 0.00542689 0.00987264 -0.00260274 0.999948 
Uncertainty 1.06 8.49298e-06 8.43232e-06 8.43329e-06
True_Rotation 1.07 0.954072 -0.299266 0.013634 0.299311 0.954155 -0.001356 -0.012603 0.005375 0.999906 
Pred_Rotation 1.07 0.954589 0.297812 -0.00829421 -0.297772 0.95462 0.00572509 0.00962283 -0.00299533 0.999949 
Uncertainty 1.07 8.57815e-06 8.51662e-06 8.51762e-06
True_Rotation 1.08 0.954146 -0.299043 0.013391 0.299091 0.954223 -0.001672 -0.012278 0.005600 0.999909 
Pred_Rotation 1.08 0.954658 0.297597 -0.00798706 -0.297556 0.954686 0.00589154 0.00937845 -0.00324782 0.999951 
Uncertainty 1.08 8.66412e-06 8.60173e-06 8.60275e-06
True_Rotation 1.09 0.954224 -0.298800 0.013194 0.298853 0.954297 -0.002182 -0.011939 0.006025 0.999911 
Pred_Rotation 1.09 0.954734 0.297362 -0.00762234 -0.297319 0.954758 0.00627078 0.00914218 -0.00372068 0.999951 
Uncertainty 1.09 8.75088e-06 8.68763e-06 8.68868e-06
True_Rotation 1.1 0.954296 -0.298576 0.013133 0.298634 0.954364 -0.002659 -0.011740 0.006460 0.999910 
Pred_Rotation 1.1 0.95481 0.297126 -0.00734139 -0.29708 0.954829 0.00668731 0.00899676 -0.00420414 0.999951 
Uncertainty 1.1 8.83845e-06 8.77433e-06 8.77541e-06
True_Rotation 1.11 0.954352 -0.298393 0.013213 0.298456 0.954418 -0.003084 -0.011690 0.006887 0.999908 
Pred_Rotation 1.11 0.954872 0.296929 -0.00723348 -0.296879 0.954888 0.00715884 0.00903284 -0.00468832 0.999948 
Uncertainty 1.11 8.92681e-06 8.86182e-06 8.86293e-06
True_Rotation 1.12 0.954409 -0.298206 0.013323 0.298273 0.954475 -0.003336 -0.011722 0.007158 0.999906 
Pred_Rotation 1.12 0.954925 0.296761 -0.00722606 -0.296708 0.954939 0.00750622 0.009128 -0.00502385 0.999946 
Uncertainty 1.12 9.01598e-06 8.95012e-06 8.95125e-06
True_Rotation 1.13 0.954482 -0.297967 0.013440 0.298037 0.954548 -0.003501 -0.011786 0.007348 0.999904 
Pred_Rotation 1.13 0.95499 0.296549 -0.00729624 -0.296495 0.955003 0.00770748 0.00925359 -0.00519728 0.999944 
Uncertainty 1.13 9.10595e-06 9.03921e-06 9.04036e-06
True_Rotation 1.14 0.954565 -0.297700 0.013427 0.297771 0.954631 -0.003565 -0.011757 0.007401 0.999904 
Pred_Rotation 1.14 0.955071 0.296287 -0.0073342 -0.29623 0.955084 0.00791677 0.00935042 -0.00538847 0.999942 
Uncertainty 1.14 9.19672e-06 9.12909e-06 9.13028e-06
True_Rotation 1.15 0.954645 -0.297453 0.013240 0.297522 0.954709 -0.003479 -0.011606 0.007260 0.999906 
Pred_Rotation 1.15 0.955153 0.296024 -0.00721955 -0.295969 0.955166 0.00773696 0.00918621 -0.00525323 0.999944 
Uncertainty 1.15 9.28829e-06 9.21978e-06 9.22099e-06
True_Rotation 1.16 0.954719 -0.297222 0.013054 0.297290 0.954781 -0.003591 -0.011397 0.007309 0.999908 
Pred_Rotation 1.16 0.955227 0.295789 -0.007057 -0.295735 0.955238 0.0077692 0.00903917 -0.00533436 0.999945 
Uncertainty 1.16 9.38066e-06 9.31127e-06 9.31251e-06
True_Rotation 1.17 0.954806 -0.296960 0.012659 0.297024 0.954864 -0.003488 -0.011052 0.007091 0.999914 
Pred_Rotation 1.17 0.955304 0.295546 -0.0067838 -0.295493 0.955313 0.00775751 0.00877336 -0.00540623 0.999947 
Uncertainty 1.17 9.47382e-06 9.40356e-06 9.40483e-06
True_Rotation 1.18 0.954904 -0.296670 0.012018 0.296724 0.954959 -0.002974 -0.010594 0.006406 0.999923 
Pred_Rotation 1.18 0.955397 0.295256 -0.0063654 -0.29521 0.955405 0.00727667 0.00823003 -0.00507299 0.999953 
Uncertainty 1.18 9.56778e-06 9.49665e-06 9.49795e-06
True_Rotation 1.19 0.955016 -0.296337 0.011373 0.296382 0.955066 -0.002475 -0.010128 0.005735 0.999932 
Pred_Rotation 1.19 0.955498 0.29494 -0.00588564 -0.294903 0.955506 0.00642163 0.00751777 -0.00440017 0.999962 
Uncertainty 1.19 9.66253e-06 9.59054e-06 9.59188e-06
True_Rotation 1.2 0.955135 -0.295971 0.010905 0.296012 0.955181 -0.002321 -0.009730 0.005445 0.999938 
Pred_Rotation 1.2 0.955616 0.294566 -0.00545045 -0.294533 0.955622 0.00609966 0.00700533 -0.0042236 0.999967 
Uncertainty 1.2 9.75809e-06 9.68524e-06 9.68661e-06
True_Rotation 1.21 0.955171 -0.295876 0.010320 0.295910 0.955214 -0.001854 -0.009309 0.004824 0.999945 
Pred_Rotation 1.21 0.95573 0.294202 -0.00509043 -0.294173 0.955735 0.0056917 0.00653963 -0.00394227 0.999971 
Uncertainty 1.21 9.85444e-06 9.78074e-06 9.78214e-06
True_Rotation 1.22 0.954917 -0.296728 0.009297 0.296749 0.954955 -0.000945 -0.008597 0.003661 0.999956 
Pred_Rotation 1.22 0.955649 0.294471 -0.00456149 -0.29445 0.955655 0.00482797 0.00578091 -0.00327073 0.999978 
Uncertainty 1.22 9.9516e-06 9.87704e-06 9.87849e-06
True_Rotation 1.23 0.954225 -0.298988 0.007737 0.298994 0.954255 0.000353 -0.007489 0.001976 0.999970 
Pred_Rotation 1.23 0.955189 0.295975 -0.00363166 -0.295964 0.955193 0.0033335 0.00445557 -0.00210929 0.999988 
Uncertainty 1.23 1.00496e-05 9.97414e-06 9.97564e-06
True_Rotation 1.24 0.953044 -0.302779 0.005653 0.302773 0.953061 0.002009 -0.005996 -0.000203 0.999982 
Pred_Rotation 1.24 0.954251 0.298997 -0.00236051 -0.298995 0.954254 0.00149861 0.00270062 -0.000724281 0.999996 
Uncertainty 1.24 1.01483e-05 1.00721e-05 1.00736e-05
True_Rotation 1.25 0.951385 -0.307990 0.002759 0.307977 0.951383 0.004450 -0.003995 -0.003384 0.999986 
Pred_Rotation 1.25 0.952826 0.303517 -0.000610974 -0.303517 0.952825 -0.00116644 0.000228126 0.00129684 0.999999 
Uncertainty 1.25 1.02479e-05 1.01708e-05 1.01724e-05
True_Rotation 1.26 0.949297 -0.314380 -0.000911 0.314378 0.949267 0.007680 -0.001549 -0.007577 0.999970 
Pred_Rotation 1.26 0.950938 0.309377 0.00164073 -0.309366 0.95093 -0.00493576 -0.00308722 0.004186 0.999986 
Uncertainty 1.26 1.03482e-05 1.02704e-05 1.02721e-05
True_Rotation 1.27 0.946866 -0.321587 -0.005052 0.321625 0.946800 0.011286 0.001154 -0.012311 0.999924 
Pred_Rotation 1.27 0.948663 0.31626 0.00425959 -0.31621 0.948641 -0.00955567 -0.00706289 0.00771818 0.999945 
Uncertainty 1.27 1.04493e-05 1.03707e-05 1.03725e-05
True_Rotation 1.28 0.944199 -0.329245 -0.009246 0.329351 0.944094 0.014637 0.003910 -0.016865 0.999850 
Pred_Rotation 1.28 0.946096 0.323811 0.00700896 -0.32369 0.946054 -0.0143553 -0.0112793 0.0113128 0.999872 
Uncertainty 1.28 1.05512e-05 1.0472e-05 1.04738e-05
True_Rotation 1.29 0.941419 -0.336985 -0.013068 0.337175 0.941285 0.017184 0.006510 -0.020583 0.999767 
Pred_Rotation 1.29 0.943351 0.331652 0.00975416 -0.331439 0.943293 -0.0186364 -0.0153818 0.0143478 0.999779 
Uncertainty 1.29 1.06539e-05 1.0574e-05 1.05759e-05
True_Rotation 1.3 0.938636 -0.344537 -0.016036 0.344803 0.938488 0.018722 0.008599 -0.023103 0.999696 
Pred_Rotation 1.3 0.940572 0.339379 0.0121022 -0.339077 0.940508 -0.0216917 -0.018744 0.016299 0.999691 
Uncertainty 1.3 1.07573e-05 1.06769e-05 1.06788e-05
True_Rotation 1.31 0.935833 -0.351954 -0.018571 0.352293 0.935674 0.020084 0.010307 -0.025338 0.999626 
Pred_Rotation 1.31 0.937789 0.346925 0.0139828 -0.346546 0.937728 -0.0239262 -0.0214126 0.0175921 0.999616 
Uncertainty 1.31 1.08616e-05 1.07805e-05 1.07826e-05
True_Rotation 1.32 0.932983 -0.359302 -0.021104 0.359729 0.932796 0.022047 0.011764 -0.028161 0.999534 
Pred_Rotation 1.32 0.934972 0.354381 0.0155528 -0.353916 0.934904 -0.0264105 -0.0238997 0.0191886 0.99953 
Uncertainty 1.32 1.09665e-05 1.0885e-05 1.08871e-05
True_Rotation 1.33 0.930067 -0.366632 -0.023590 0.367159 0.929842 0.024247 0.013045 -0.031213 0.999428 
Pred_Rotation 1.33 0.932098 0.361811 0.0168961 -0.361237 0.932002 -0.0296636 -0.0264798 0.0215459 0.999417 
Uncertainty 1.33 1.10723e-05 1.09902e-05 1.09924e-05
True_Rotation 1.34 0.927076 -0.373991 -0.025717 0.374605 0.926827 0.025742 0.014208 -0.033499 0.999338 
Pred_Rotation 1.34 0.929153 0.36925 0.0181338 -0.368573 0.929037 -0.0323106 -0.0287776 0.0233378 0.999313 
Uncertainty 1.34 1.11788e-05 1.10962e-05 1.10985e-05
True_Rotation 1.35 0.924022 -0.381350 -0.027484 0.382042 0.923749 0.027057 0.015071 -0.035501 0.999256 
Pred_Rotation 1.35 0.926131 0.376712 0.0192046 -0.375948 0.926003 -0.0343667 -0.0307298 0.0246082 0.999225 
Uncertainty 1.35 1.1286e-05 1.1203e-05 1.12054e-05
True_Rotation 1.36 0.920934 -0.388639 -0.028972 0.389412 0.920610 0.028894 0.015443 -0.037892 0.999162 
Pred_Rotation 1.36 0.923073 0.384115 0.019804 -0.383267 0.922917 -0.0364857 -0.0322921 0.0260887 0.999138 
Uncertainty 1.36 1.13939e-05 1.13105e-05 1.13131e-05
True_Rotation 1.37 0.917796 -0.395882 -0.030460 0.396748 0.917392 0.031343 0.015535 -0.040852 0.999044 
Pred_Rotation 1.37 0.919976 0.391465 0.0199757 -0.390517 0.919756 -0.039309 -0.0337608 0.0283625 0.999027 
Uncertainty 1.37 1.15026e-05 1.14188e-05 1.14216e-05
True_Rotation 1.38 0.914586 -0.403136 -0.031845 0.404093 0.914098 0.033661 0.015540 -0.043654 0.998926 
Pred_Rotation 1.38 0.916817 0.398804 0.0200503 -0.397747 0.916517 -0.0423597 -0.0352697 0.0308611 0.998901 
Uncertainty 1.38 1.1612e-05 1.15279e-05 1.15309e-05
True_Rotation 1.39 0.911300 -0.410439 -0.032736 0.411458 0.910742 0.035380 0.015293 -0.045711 0.998838 
Pred_Rotation 1.39 0.91358 0.40617 0.0199629 -0.405023 0.913205 -0.0448736 -0.0364565 0.0329102 0.998793 
Uncertainty 1.39 1.17222e-05 1.16377e-05 1.1641e-05
True_Rotation 1.4 0.907957 -0.417766 -0.032937 0.418805 0.907346 0.036412 0.014674 -0.046855 0.998794 
Pred_Rotation 1.4 0.910276 0.413542 0.0195245 -0.412346 0.909839 -0.0465073 -0.0369968 0.0342836 0.998727 
Uncertainty 1.4 1.1833e-05 1.17482e-05 1.17519e-05
True_Rotation 1.41 0.904569 -0.425086 -0.032521 0.426110 0.903911 0.037080 0.013634 -0.047399 0.998783 
Pred_Rotation 1.41 0.906928 0.420868 0.0187276 -0.41967 0.906447 -0.0472288 -0.0368527 0.0349738 0.998709 
Uncertainty 1.41 1.19445e-05 1.18594e-05 1.18636e-05
True_Rotation 1.42 0.901135 -0.432385 -0.031607 0.433371 0.900417 0.037931 0.012058 -0.047879 0.998780 
Pred_Rotation 1.42 0.90353 0.428172 0.0174069 -0.426995 0.90299 -0.0477989 -0.0361844 0.0357551 0.998705 
Uncertainty 1.42 1.20568e-05 1.19714e-05 1.19761e-05
True_Rotation 1.43 0.897682 -0.439614 -0.030107 0.440529 0.896910 0.038545 0.010059 -0.047864 0.998803 
Pred_Rotation 1.43 0.900105 0.435394 0.0155901 -0.434263 0.899494 -0.0482236 -0.0350194 0.0366361 0.998715 
Uncertainty 1.43 1.21697e-05 1.2084e-05 1.20893e-05
True_Rotation 1.44 0.894211 -0.446773 -0.027939 0.447577 0.893423 0.038331 0.007836 -0.046781 0.998874 
Pred_Rotation 1.44 0.896666 0.442504 0.0134364 -0.441465 0.896009 -0.0477056 -0.0331491 0.0368442 0.998771 
Uncertainty 1.44 1.22834e-05 1.21974e-05 1.22034e-05
True_Rotation 1.45 0.890724 -0.453849 -0.025129 0.454511 0.889971 0.037044 0.005551 -0.044418 0.998998 
Pred_Rotation 1.45 0.893204 0.449512 0.0111779 -0.448601 0.892541 -0.0461284 -0.030712 0.0361877 0.998873 
Uncertainty 1.45 1.23977e-05 1.23114e-05 1.23183e-05
True_Rotation 1.46 0.887281 -0.460731 -0.021445 0.461218 0.886633 0.034062 0.003320 -0.040113 0.999190 
Pred_Rotation 1.46 0.88974 0.456381 0.00886997 -0.455639 0.889128 -0.0429535 -0.0274897 0.0341759 0.999038 
Uncertainty 1.46 1.25127e-05 1.24262e-05 1.24339e-05
True_Rotation 1.47 0.883971 -0.467238 -0.016849 0.467540 0.883493 0.029106 0.001286 -0.033607 0.999434 
Pred_Rotation 1.47 0.886381 0.462906 0.00674484 -0.462366 0.885894 -0.0375403 -0.0233529 0.0301565 0.999272 
Uncertainty 1.47 1.26283e-05 1.25416e-05 1.25504e-05
True_Rotation 1.48 0.880842 -0.473272 -0.011477 0.473410 0.880521 0.023788 -0.001152 -0.026387 0.999651 
Pred_Rotation 1.48 0.883179 0.469013 0.00465493 -0.468677 0.882847 -0.0303762 -0.0183564 0.0246459 0.999528 
Uncertainty 1.48 1.27447e-05 1.26576e-05 1.26677e-05
True_Rotation 1.49 0.877673 -0.479209 -0.006980 0.479248 0.877458 0.019717 -0.003324 -0.020650 0.999781 
Pred_Rotation 1.49 0.880152 0.474689 0.00186533 -0.474524 0.879937 -0.0231793 -0.0126443 0.0195161 0.99973 
Uncertainty 1.49 1.28617e-05 1.27743e-05 1.27857e-05
True_Rotation 1.5 0.874333 -0.485284 -0.006348 0.485313 0.874143 0.018564 -0.003459 -0.019312 0.999808 
Pred_Rotation 1.5 0.876868 0.48073 0.000738333 -0.480621 0.876701 -0.0199709 -0.0102479 0.017157 0.9998 
Uncertainty 1.5 1.29794e-05 1.28917e-05 1.29046e-05
True_Rotation 1.51 0.870860 -0.491449 -0.008945 0.491528 0.870655 0.018965 -0.001532 -0.020912 0.999780 
Pred_Rotation 1.51 0.873478 0.486861 0.00166084 -0.486729 0.873312 -0.020499 -0.0114306 0.017097 0.999788 
