True_Rotation 0.010000 0.929253 -0.348842 -0.121647 0.368982 0.859877 0.352794 -0.018468 -0.372720 0.927760
Pred_Rotation 0.010000 0.967364 0.167437 -0.190187 -0.226943 0.906363 -0.356375 0.112708 0.387906 0.914782
Uncertainty 0.010000 0.072770 0.062318 0.056549
True_Rotation 0.020000 0.930451 -0.344168 -0.125737 0.366232 0.862598 0.348998 -0.011654 -0.370774 0.928650
Pred_Rotation 0.020000 0.974902 -0.190178 -0.115752 0.158320 0.957744 -0.240129 0.156529 0.215776 0.963815
Uncertainty 0.020000 0.105123 0.086324 0.316793
True_Rotation 0.030000 0.931582 -0.340419 -0.127558 0.363470 0.865681 0.344217 -0.006754 -0.367030 0.930185
Pred_Rotation 0.030000 0.972375 -0.224744 -0.063067 0.206321 0.953868 -0.218097 0.109174 0.199060 0.973887
Uncertainty 0.030000 0.091505 0.071955 0.573481
True_Rotation 0.040000 0.932735 -0.337336 -0.127321 0.360548 0.869284 0.338158 -0.003395 -0.361317 0.932437
Pred_Rotation 0.040000 0.979988 -0.196864 -0.029465 0.185981 0.958292 -0.216994 0.070955 0.207172 0.975728
Uncertainty 0.040000 0.071716 0.068649 0.777698
True_Rotation 0.050000 0.933963 -0.334697 -0.125261 0.357367 0.873451 0.330715 -0.001280 -0.353639 0.935381
Pred_Rotation 0.050000 0.987943 -0.152708 -0.025477 0.142945 0.962938 -0.228731 0.059462 0.222331 0.973156
Uncertainty 0.050000 0.059914 0.073828 0.915222
True_Rotation 0.060000 0.935339 -0.332471 -0.120847 0.353752 0.878499 0.321090 -0.000589 -0.343078 0.939307
Pred_Rotation 0.060000 0.992761 -0.114363 -0.036693 0.102095 0.964459 -0.243714 0.063260 0.238203 0.969153
Uncertainty 0.060000 0.056927 0.085741 1.002570
True_Rotation 0.070000 0.936896 -0.330621 -0.113645 0.349604 0.884620 0.308584 -0.001492 -0.328842 0.944384
Pred_Rotation 0.070000 0.995799 -0.075036 -0.052483 0.059011 0.964130 -0.258789 0.070019 0.254605 0.964507
Uncertainty 0.070000 0.053212 0.098247 1.060748
True_Rotation 0.080000 0.938594 -0.329197 -0.103300 0.344998 0.891802 0.292687 -0.004228 -0.310353 0.950612
Pred_Rotation 0.080000 0.996871 -0.038481 -0.069046 0.018438 0.962603 -0.270288 0.076865 0.268170 0.960300
Uncertainty 0.080000 0.048744 0.109296 1.101705
True_Rotation 0.090000 0.940175 -0.328324 -0.090962 0.340586 0.899112 0.274952 -0.008488 -0.289484 0.957145
Pred_Rotation 0.090000 0.996897 -0.007127 -0.078398 -0.014079 0.963697 -0.266626 0.077452 0.266903 0.960606
Uncertainty 0.090000 0.044881 0.119628 1.152744
True_Rotation 0.100000 0.941398 -0.327613 -0.080247 0.337065 0.904905 0.259872 -0.012522 -0.271691 0.962303
Pred_Rotation 0.100000 0.995873 0.024643 -0.087347 -0.046621 0.964648 -0.259384 0.077867 0.262385 0.961816
Uncertainty 0.100000 0.041492 0.127767 1.193762
True_Rotation 0.110000 0.942434 -0.326664 -0.071478 0.333997 0.909162 0.248738 -0.016269 -0.258293 0.965930
Pred_Rotation 0.110000 0.994068 0.051602 -0.095743 -0.074190 0.965407 -0.249970 0.079532 0.255590 0.963508
Uncertainty 0.110000 0.039628 0.134164 1.223058
True_Rotation 0.120000 0.943316 -0.325658 -0.064042 0.331293 0.912278 0.240819 -0.020001 -0.248385 0.968455
Pred_Rotation 0.120000 0.992962 0.070560 -0.095124 -0.091132 0.968165 -0.233132 0.075646 0.240160 0.967781
Uncertainty 0.120000 0.038355 0.137691 1.250274
True_Rotation 0.130000 0.944061 -0.324703 -0.057587 0.328951 0.914945 0.233809 -0.023230 -0.239673 0.970576
Pred_Rotation 0.130000 0.992661 0.082677 -0.088248 -0.099811 0.972176 -0.211922 0.068272 0.219175 0.973294
Uncertainty 0.130000 0.036135 0.136973 1.266562
True_Rotation 0.140000 0.944673 -0.323876 -0.051933 0.327017 0.917594 0.226012 -0.025546 -0.230491 0.972739
Pred_Rotation 0.140000 0.992362 0.093269 -0.080739 -0.107407 0.975180 -0.193617 0.060677 0.200810 0.977749
Uncertainty 0.140000 0.032995 0.133867 1.275298
True_Rotation 0.150000 0.945195 -0.323077 -0.047192 0.325402 0.920231 0.217459 -0.026829 -0.220897 0.974928
Pred_Rotation 0.150000 0.991843 0.102318 -0.076015 -0.114582 0.976960 -0.180057 0.055841 0.187298 0.980715
Uncertainty 0.150000 0.029851 0.129936 1.277038
True_Rotation 0.160000 0.945670 -0.322209 -0.043478 0.323980 0.922635 0.209241 -0.027305 -0.211959 0.976897
Pred_Rotation 0.160000 0.991144 0.110937 -0.072984 -0.121996 0.977776 -0.170500 0.052447 0.177894 0.982651
Uncertainty 0.160000 0.027193 0.125945 1.272137
True_Rotation 0.170000 0.946105 -0.321299 -0.040644 0.322719 0.924791 0.201530 -0.027165 -0.203785 0.978639
Pred_Rotation 0.170000 0.990477 0.118171 -0.070644 -0.128358 0.978175 -0.163395 0.049794 0.170907 0.984028
Uncertainty 0.170000 0.024993 0.122090 1.262732
True_Rotation 0.180000 0.946517 -0.320373 -0.038297 0.321549 0.926790 0.194078 -0.026684 -0.196012 0.980238
Pred_Rotation 0.180000 0.988970 0.133232 -0.064719 -0.142425 0.975359 -0.168494 0.040676 0.175853 0.983576
Uncertainty 0.180000 0.022878 0.122041 1.234583
True_Rotation 0.190000 0.946929 -0.319386 -0.036306 0.320394 0.928685 0.186794 -0.025942 -0.188513 0.981728
Pred_Rotation 0.190000 0.990241 0.125522 -0.060559 -0.133723 0.978157 -0.159143 0.039260 0.165688 0.985396
Uncertainty 0.190000 0.022906 0.118551 1.240727
True_Rotation 0.200000 0.947313 -0.318391 -0.035015 0.319379 0.930562 0.179030 -0.024418 -0.180780 0.983220
Pred_Rotation 0.200000 0.991070 0.120513 -0.057073 -0.127772 0.980707 -0.147943 0.038143 0.153915 0.987348
Uncertainty 0.200000 0.021860 0.113243 1.245733
True_Rotation 0.210000 0.947672 -0.317340 -0.034826 0.318503 0.932395 0.170865 -0.021751 -0.173016 0.984679
Pred_Rotation 0.210000 0.991412 0.119539 -0.053033 -0.125852 0.982337 -0.138474 0.035543 0.143959 0.988945
Uncertainty 0.210000 0.020149 0.107473 1.239626
True_Rotation 0.220000 0.947895 -0.316617 -0.035350 0.318035 0.933906 0.163318 -0.018695 -0.166051 0.985940
Pred_Rotation 0.220000 0.992066 0.115321 -0.050054 -0.120936 0.984181 -0.129468 0.034332 0.134494 0.990319
Uncertainty 0.220000 0.019416 0.104319 1.236140
True_Rotation 0.230000 0.948085 -0.316008 -0.035687 0.317624 0.935361 0.155608 -0.015793 -0.158865 0.987174
Pred_Rotation 0.230000 0.992229 0.114167 -0.049476 -0.119505 0.985134 -0.123412 0.034651 0.128365 0.991121
Uncertainty 0.230000 0.018608 0.101990 1.230476
True_Rotation 0.240000 0.948237 -0.315615 -0.035128 0.317271 0.936799 0.147467 -0.013635 -0.150979 0.988443
Pred_Rotation 0.240000 0.991846 0.116363 -0.051966 -0.121929 0.985090 -0.121367 0.037068 0.126714 0.991247
Uncertainty 0.240000 0.017909 0.101100 1.222593
True_Rotation 0.250000 0.948336 -0.315520 -0.033239 0.317010 0.938145 0.139242 -0.012751 -0.142586 0.989700
Pred_Rotation 0.250000 0.991048 0.120258 -0.057981 -0.126656 0.984228 -0.123505 0.042214 0.129743 0.990649
Uncertainty 0.250000 0.017599 0.101053 1.215404
True_Rotation 0.260000 0.948386 -0.315686 -0.030101 0.316848 0.939384 0.131013 -0.013082 -0.133789 0.990924
Pred_Rotation 0.260000 0.990020 0.126571 -0.061964 -0.133534 0.983072 -0.125455 0.045037 0.132478 0.990162
Uncertainty 0.260000 0.017712 0.101124 1.214873
True_Rotation 0.270000 0.948332 -0.316148 -0.026779 0.316974 0.940325 0.123756 -0.013944 -0.125850 0.991951
Pred_Rotation 0.270000 0.989076 0.132808 -0.063957 -0.139980 0.982210 -0.125177 0.046195 0.132762 0.990071
Uncertainty 0.270000 0.018052 0.101280 1.218435
True_Rotation 0.280000 0.948180 -0.316897 -0.023051 0.317366 0.941091 0.116731 -0.015298 -0.117997 0.992896
Pred_Rotation 0.280000 0.988534 0.137276 -0.062890 -0.144036 0.982280 -0.119914 0.045314 0.127597 0.990790
Uncertainty 0.280000 0.017908 0.099774 1.218162
True_Rotation 0.290000 0.947978 -0.317780 -0.018820 0.317879 0.941793 0.109450 -0.017057 -0.109739 0.993814
Pred_Rotation 0.290000 0.988177 0.140964 -0.060302 -0.147032 0.982760 -0.112095 0.043461 0.119636 0.991866
Uncertainty 0.290000 0.017338 0.097160 1.216542
True_Rotation 0.300000 0.947769 -0.318620 -0.014652 0.318397 0.942391 0.102581 -0.018876 -0.101888 0.994617
Pred_Rotation 0.300000 0.988096 0.142761 -0.057318 -0.148130 0.983478 -0.104058 0.041516 0.111310 0.992918
Uncertainty 0.300000 0.016988 0.095042 1.214420
True_Rotation 0.310000 0.947599 -0.319275 -0.010904 0.318794 0.942864 0.096840 -0.020638 -0.095242 0.995240
Pred_Rotation 0.310000 0.987979 0.144379 -0.055241 -0.149236 0.984008 -0.097247 0.040317 0.104322 0.993726
Uncertainty 0.310000 0.016709 0.093038 1.208342
True_Rotation 0.320000 0.947537 -0.319579 -0.006516 0.318823 0.943442 0.090935 -0.022913 -0.088242 0.995835
Pred_Rotation 0.320000 0.988268 0.143566 -0.052100 -0.147771 0.985039 -0.088670 0.038591 0.095328 0.994698
Uncertainty 0.320000 0.016099 0.090535 1.205680
True_Rotation 0.330000 0.947568 -0.319551 -0.001400 0.318526 0.944159 0.084284 -0.025611 -0.080311 0.996441
Pred_Rotation 0.330000 0.989243 0.138768 -0.046277 -0.141976 0.987002 -0.075300 0.035227 0.081060 0.996086
Uncertainty 0.330000 0.015552 0.087508 1.213458
True_Rotation 0.340000 0.947590 -0.319481 0.002197 0.318316 0.944680 0.079091 -0.027343 -0.074246 0.996865
Pred_Rotation 0.340000 0.990187 0.133336 -0.041855 -0.135851 0.988630 -0.064468 0.032784 0.069522 0.997042
Uncertainty 0.340000 0.015453 0.085422 1.226365
True_Rotation 0.350000 0.947663 -0.319243 0.004192 0.318054 0.945116 0.074809 -0.027845 -0.069560 0.997189
Pred_Rotation 0.350000 0.990891 0.129427 -0.037187 -0.131334 0.989841 -0.054468 0.029760 0.058856 0.997823
Uncertainty 0.350000 0.015297 0.083199 1.240947
True_Rotation 0.360000 0.947751 -0.318970 0.005185 0.317838 0.945530 0.070373 -0.027349 -0.065048 0.997507
Pred_Rotation 0.360000 0.991274 0.127504 -0.033446 -0.129019 0.990486 -0.047881 0.027023 0.051778 0.998293
Uncertainty 0.360000 0.014984 0.081037 1.248133
True_Rotation 0.370000 0.947862 -0.318638 0.005273 0.317623 0.945932 0.065796 -0.025953 -0.060690 0.997819
Pred_Rotation 0.370000 0.990606 0.133675 -0.028834 -0.134966 0.989649 -0.048768 0.022017 0.052202 0.998394
Uncertainty 0.370000 0.014122 0.079842 1.242833
True_Rotation 0.380000 0.947979 -0.318300 0.004646 0.317420 0.946262 0.061909 -0.024102 -0.057214 0.998071
Pred_Rotation 0.380000 0.991704 0.125597 -0.027347 -0.126726 0.990942 -0.044443 0.021517 0.047540 0.998638
Uncertainty 0.380000 0.014359 0.078463 1.239174
True_Rotation 0.390000 0.948041 -0.318130 0.003542 0.317386 0.946478 0.058695 -0.022025 -0.054521 0.998270
Pred_Rotation 0.390000 0.992478 0.119476 -0.026699 -0.120502 0.991872 -0.040851 0.021601 0.043761 0.998808
Uncertainty 0.390000 0.014759 0.076929 1.234146
True_Rotation 0.400000 0.947912 -0.318524 0.002167 0.317900 0.946440 0.056484 -0.020042 -0.052853 0.998401
Pred_Rotation 0.400000 0.993022 0.114959 -0.026285 -0.115884 0.992578 -0.036877 0.021850 0.039666 0.998974
Uncertainty 0.400000 0.015606 0.075794 1.233597
True_Rotation 0.410000 0.947714 -0.319119 0.001081 0.318592 0.946330 0.054389 -0.018380 -0.051200 0.998519
Pred_Rotation 0.410000 0.993294 0.112739 -0.025625 -0.113566 0.992966 -0.033500 0.021668 0.036185 0.999110
Uncertainty 0.410000 0.015974 0.074327 1.236017
True_Rotation 0.420000 0.947571 -0.319544 0.000629 0.319088 0.946321 0.051570 -0.017074 -0.048666 0.998669
Pred_Rotation 0.420000 0.993351 0.112169 -0.025920 -0.112967 0.993094 -0.031679 0.022187 0.034396 0.999162
Uncertainty 0.420000 0.015879 0.072862 1.238593
True_Rotation 0.430000 0.947510 -0.319724 0.000740 0.319319 0.946420 0.048221 -0.016118 -0.045453 0.998836
Pred_Rotation 0.430000 0.993296 0.112432 -0.026881 -0.113247 0.993083 -0.030997 0.023210 0.033833 0.999158
Uncertainty 0.430000 0.015517 0.071688 1.241386
True_Rotation 0.440000 0.947547 -0.319614 0.001385 0.319241 0.946633 0.044398 -0.015501 -0.041627 0.999013
Pred_Rotation 0.440000 0.993106 0.113782 -0.028175 -0.114643 0.992920 -0.031109 0.024436 0.034124 0.999119
Uncertainty 0.440000 0.014912 0.070744 1.243010
True_Rotation 0.450000 0.947658 -0.319279 0.002516 0.318928 0.946932 0.040074 -0.015178 -0.037174 0.999194
Pred_Rotation 0.450000 0.992831 0.115856 -0.029405 -0.116767 0.992662 -0.031434 0.025547 0.034642 0.999073
Uncertainty 0.450000 0.014270 0.069974 1.242992
True_Rotation 0.460000 0.947801 -0.318840 0.003859 0.318508 0.947246 0.035742 -0.015052 -0.032647 0.999354
Pred_Rotation 0.460000 0.992632 0.117392 -0.030007 -0.118319 0.992483 -0.031272 0.026110 0.034592 0.999060
Uncertainty 0.460000 0.013839 0.069776 1.243291
True_Rotation 0.470000 0.947962 -0.318341 0.005159 0.318027 0.947543 0.031961 -0.015063 -0.028658 0.999476
Pred_Rotation 0.470000 0.992562 0.118011 -0.029913 -0.118912 0.992440 -0.030384 0.026101 0.033715 0.999091
Uncertainty 0.470000 0.013779 0.070003 1.244512
True_Rotation 0.480000 0.948136 -0.317803 0.006313 0.317504 0.947816 0.028900 -0.015168 -0.025397 0.999562
Pred_Rotation 0.480000 0.992575 0.118169 -0.028839 -0.118984 0.992489 -0.028415 0.025265 0.031636 0.999180
Uncertainty 0.480000 0.013861 0.070073 1.245655
True_Rotation 0.490000 0.948320 -0.317229 0.007369 0.316947 0.948084 0.026104 -0.015268 -0.022419 0.999632
Pred_Rotation 0.490000 0.992667 0.117787 -0.027186 -0.118487 0.992621 -0.025758 0.023951 0.028790 0.999299
Uncertainty 0.490000 0.014018 0.069979 1.246819
True_Rotation 0.500000 0.948518 -0.316617 0.008270 0.316351 0.948344 0.023797 -0.015377 -0.019956 0.999683
Pred_Rotation 0.500000 0.992794 0.117019 -0.025821 -0.117626 0.992783 -0.023376 0.022899 0.026245 0.999393
Uncertainty 0.500000 0.014306 0.069971 1.247219
True_Rotation 0.510000 0.948726 -0.315975 0.008923 0.315723 0.948593 0.022144 -0.015462 -0.018192 0.999715
Pred_Rotation 0.510000 0.992973 0.115792 -0.024432 -0.116310 0.992992 -0.020964 0.021833 0.023658 0.999482
Uncertainty 0.510000 0.014672 0.069950 1.247232
True_Rotation 0.520000 0.948940 -0.315314 0.009426 0.315074 0.948839 0.020832 -0.015513 -0.016799 0.999739
Pred_Rotation 0.520000 0.993110 0.114868 -0.023192 -0.115315 0.993148 -0.018950 0.020856 0.021494 0.999551
Uncertainty 0.520000 0.014932 0.069795 1.246370
True_Rotation 0.530000 0.949155 -0.314651 0.009972 0.314426 0.949086 0.019290 -0.015534 -0.015174 0.999764
Pred_Rotation 0.530000 0.993148 0.114759 -0.022061 -0.115153 0.993194 -0.017481 0.019904 0.019902 0.999604
Uncertainty 0.530000 0.014828 0.069236 1.243754
True_Rotation 0.540000 0.949371 -0.313976 0.010645 0.313773 0.949341 0.017262 -0.015526 -0.013048 0.999794
Pred_Rotation 0.540000 0.993195 0.114491 -0.021367 -0.114853 0.993244 -0.016608 0.019321 0.018949 0.999634
Uncertainty 0.540000 0.014669 0.068768 1.241594
True_Rotation 0.550000 0.949581 -0.313318 0.011321 0.313132 0.949582 0.015570 -0.015629 -0.011240 0.999815
Pred_Rotation 0.550000 0.993289 0.113728 -0.021062 -0.114072 0.993345 -0.015929 0.019111 0.018224 0.999651
Uncertainty 0.550000 0.014750 0.068635 1.240683
True_Rotation 0.560000 0.949774 -0.312711 0.011907 0.312537 0.949796 0.014439 -0.015824 -0.009992 0.999825
Pred_Rotation 0.560000 0.993407 0.112793 -0.020496 -0.113105 0.993473 -0.014758 0.018697 0.016979 0.999681
Uncertainty 0.560000 0.014967 0.068572 1.240657
True_Rotation 0.570000 0.949941 -0.312184 0.012379 0.312021 0.949980 0.013466 -0.015963 -0.008929 0.999833
Pred_Rotation 0.570000 0.993516 0.111984 -0.019643 -0.112256 0.993589 -0.013368 0.018020 0.015487 0.999718
Uncertainty 0.570000 0.015157 0.068415 1.240406
True_Rotation 0.580000 0.950085 -0.311734 0.012675 0.311585 0.950136 0.012486 -0.015935 -0.007914 0.999842
Pred_Rotation 0.580000 0.993589 0.111467 -0.018869 -0.111710 0.993665 -0.012317 0.017377 0.014346 0.999746
Uncertainty 0.580000 0.015256 0.068173 1.239082
True_Rotation 0.590000 0.950216 -0.311331 0.012771 0.311197 0.950276 0.011496 -0.015715 -0.006949 0.999852
Pred_Rotation 0.590000 0.993668 0.110872 -0.018171 -0.111092 0.993743 -0.011559 0.016776 0.013504 0.999768
Uncertainty 0.590000 0.015297 0.067897 1.236887
True_Rotation 0.600000 0.950346 -0.310935 0.012701 0.310818 0.950413 0.010403 -0.015306 -0.005939 0.999865
Pred_Rotation 0.600000 0.993772 0.110071 -0.017398 -0.110266 0.993844 -0.010710 0.016112 0.012562 0.999791
Uncertainty 0.600000 0.015228 0.067498 1.234762
True_Rotation 0.610000 0.950480 -0.310528 0.012652 0.310432 0.950553 0.009021 -0.014828 -0.004647 0.999879
Pred_Rotation 0.610000 0.993843 0.109521 -0.016745 -0.109697 0.993915 -0.009997 0.015548 0.011772 0.999810
Uncertainty 0.610000 0.015080 0.067057 1.232784
True_Rotation 0.620000 0.950602 -0.310152 0.012720 0.310079 0.950682 0.007366 -0.014377 -0.003058 0.999892
Pred_Rotation 0.620000 0.993860 0.109435 -0.016314 -0.109597 0.993932 -0.009400 0.015187 0.011131 0.999823
Uncertainty 0.620000 0.014842 0.066592 1.231253
True_Rotation 0.630000 0.950704 -0.309828 0.012973 0.309780 0.950792 0.005627 -0.014078 -0.001331 0.999900
Pred_Rotation 0.630000 0.993879 0.109296 -0.016081 -0.109446 0.993954 -0.008783 0.015024 0.010489 0.999832
Uncertainty 0.630000 0.014816 0.066432 1.231638
True_Rotation 0.640000 0.950787 -0.309561 0.013277 0.309530 0.950880 0.004407 -0.013989 -0.000081 0.999902
Pred_Rotation 0.640000 0.993869 0.109394 -0.016053 -0.109536 0.993949 -0.008222 0.015057 0.009930 0.999837
Uncertainty 0.640000 0.014939 0.066478 1.232693
True_Rotation 0.650000 0.950868 -0.309297 0.013611 0.309279 0.950965 0.003464 -0.014015 0.000916 0.999901
Pred_Rotation 0.650000 0.993880 0.109355 -0.015634 -0.109477 0.993963 -0.007187 0.014754 0.008854 0.999852
Uncertainty 0.650000 0.015118 0.066517 1.234555
True_Rotation 0.660000 0.950956 -0.309013 0.013933 0.309006 0.951056 0.002746 -0.014100 0.001694 0.999899
Pred_Rotation 0.660000 0.993885 0.109327 -0.015474 -0.109436 0.993973 -0.006380 0.014683 0.008035 0.999860
Uncertainty 0.660000 0.015330 0.066609 1.235653
True_Rotation 0.670000 0.951043 -0.308732 0.014217 0.308734 0.951146 0.002138 -0.014183 0.002356 0.999897
Pred_Rotation 0.670000 0.993892 0.109317 -0.015118 -0.109411 0.993981 -0.005494 0.014426 0.007115 0.999871
Uncertainty 0.670000 0.015430 0.066561 1.236324
True_Rotation 0.680000 0.951121 -0.308475 0.014544 0.308488 0.951227 0.001404 -0.014268 0.003151 0.999893
Pred_Rotation 0.680000 0.993903 0.109250 -0.014880 -0.109332 0.993994 -0.004784 0.014268 0.006381 0.999878
Uncertainty 0.680000 0.015507 0.066497 1.237078
True_Rotation 0.690000 0.951177 -0.308288 0.014869 0.308309 0.951286 0.000941 -0.014435 0.003689 0.999889
Pred_Rotation 0.690000 0.993893 0.109341 -0.014875 -0.109417 0.993986 -0.004400 0.014304 0.006001 0.999880
Uncertainty 0.690000 0.015706 0.066579 1.237608
True_Rotation 0.700000 0.951208 -0.308178 0.015153 0.308200 0.951321 0.000880 -0.014686 0.003833 0.999885
Pred_Rotation 0.700000 0.993928 0.109066 -0.014561 -0.109127 0.994022 -0.003430 0.014100 0.004998 0.999888
Uncertainty 0.700000 0.015962 0.066614 1.239045
True_Rotation 0.710000 0.951228 -0.308099 0.015515 0.308124 0.951346 0.000814 -0.015011 0.004006 0.999879
Pred_Rotation 0.710000 0.993937 0.109024 -0.014272 -0.109070 0.994031 -0.002504 0.013914 0.004046 0.999895
Uncertainty 0.710000 0.016126 0.066545 1.240216
True_Rotation 0.720000 0.951247 -0.308020 0.015926 0.308052 0.951369 0.000455 -0.015292 0.004474 0.999873
Pred_Rotation 0.720000 0.993898 0.109390 -0.014187 -0.109429 0.993992 -0.002059 0.013876 0.003598 0.999897
Uncertainty 0.720000 0.016023 0.066260 1.239824
True_Rotation 0.730000 0.951284 -0.307886 0.016295 0.307930 0.951409 -0.000256 -0.015425 0.005262 0.999867
Pred_Rotation 0.730000 0.993905 0.109320 -0.014214 -0.109359 0.994000 -0.001997 0.013911 0.003539 0.999897
Uncertainty 0.730000 0.015919 0.066091 1.239032
True_Rotation 0.740000 0.951337 -0.307710 0.016513 0.307766 0.951462 -0.000880 -0.015441 0.005919 0.999863
Pred_Rotation 0.740000 0.993906 0.109335 -0.014054 -0.109374 0.993999 -0.002011 0.013750 0.003535 0.999899
Uncertainty 0.740000 0.015762 0.065913 1.238066
True_Rotation 0.750000 0.951396 -0.307513 0.016767 0.307582 0.951520 -0.001657 -0.015445 0.006733 0.999858
Pred_Rotation 0.750000 0.993889 0.109496 -0.014006 -0.109536 0.993980 -0.002141 0.013687 0.003662 0.999900
Uncertainty 0.750000 0.015591 0.065744 1.237014
True_Rotation 0.760000 0.951456 -0.307308 0.017101 0.307393 0.951580 -0.002506 -0.015503 0.007641 0.999851
Pred_Rotation 0.760000 0.993913 0.109289 -0.013904 -0.109326 0.994004 -0.001957 0.013607 0.003465 0.999901
Uncertainty 0.760000 0.015477 0.065590 1.236779
True_Rotation 0.770000 0.951526 -0.307077 0.017361 0.307175 0.951648 -0.003221 -0.015532 0.008397 0.999844
Pred_Rotation 0.770000 0.993991 0.108598 -0.013740 -0.108630 0.994081 -0.001662 0.013478 0.003144 0.999904
Uncertainty 0.770000 0.015539 0.065631 1.236866
True_Rotation 0.780000 0.951596 -0.306867 0.017256 0.306966 0.951715 -0.003345 -0.015397 0.008480 0.999846
Pred_Rotation 0.780000 0.994152 0.107150 -0.013458 -0.107173 0.994240 -0.001027 0.013270 0.002464 0.999909
Uncertainty 0.780000 0.015880 0.065896 1.237376
True_Rotation 0.790000 0.951656 -0.306701 0.016869 0.306792 0.951772 -0.003007 -0.015133 0.008037 0.999853
Pred_Rotation 0.790000 0.994261 0.106179 -0.013056 -0.106193 0.994345 -0.000363 0.012944 0.001747 0.999915
Uncertainty 0.790000 0.016153 0.066004 1.236751
True_Rotation 0.800000 0.951709 -0.306565 0.016380 0.306648 0.951819 -0.002752 -0.014747 0.007642 0.999862
Pred_Rotation 0.800000 0.994369 0.105222 -0.012620 -0.105228 0.994448 0.000181 0.012569 0.001148 0.999920
Uncertainty 0.800000 0.016334 0.065985 1.235793
True_Rotation 0.810000 0.951764 -0.306424 0.015789 0.306498 0.951868 -0.002465 -0.014273 0.007186 0.999872
Pred_Rotation 0.810000 0.994493 0.104109 -0.012089 -0.104106 0.994566 0.000807 0.012107 0.000456 0.999927
Uncertainty 0.810000 0.016488 0.065892 1.234994
True_Rotation 0.820000 0.951820 -0.306280 0.015189 0.306347 0.951917 -0.002293 -0.013756 0.006836 0.999882
Pred_Rotation 0.820000 0.994575 0.103350 -0.011797 -0.103343 0.994645 0.001139 0.011852 0.000086 0.999930
Uncertainty 0.820000 0.016491 0.065711 1.233937
True_Rotation 0.830000 0.951880 -0.306120 0.014671 0.306186 0.951969 -0.002416 -0.013227 0.006792 0.999889
Pred_Rotation 0.830000 0.994620 0.102943 -0.011588 -0.102936 0.994687 0.001202 0.011650 -0.000003 0.999932
Uncertainty 0.830000 0.016388 0.065495 1.232923
True_Rotation 0.840000 0.951949 -0.305924 0.014282 0.305993 0.952030 -0.002844 -0.012727 0.007077 0.999894
Pred_Rotation 0.840000 0.994604 0.103119 -0.011402 -0.103114 0.994669 0.001067 0.011451 0.000115 0.999934
Uncertainty 0.840000 0.016081 0.065169 1.232190
True_Rotation 0.850000 0.952037 -0.305654 0.014192 0.305733 0.952110 -0.003712 -0.012378 0.007873 0.999892
Pred_Rotation 0.850000 0.994556 0.103566 -0.011507 -0.103566 0.994622 0.000596 0.011507 0.000599 0.999934
Uncertainty 0.850000 0.015733 0.064935 1.232612
True_Rotation 0.860000 0.952144 -0.305314 0.014304 0.305404 0.952212 -0.004487 -0.012251 0.008641 0.999888
Pred_Rotation 0.860000 0.994482 0.104209 -0.012056 -0.104220 0.994554 -0.000311 0.011958 0.001566 0.999927
Uncertainty 0.860000 0.015501 0.064963 1.233589
True_Rotation 0.870000 0.952263 -0.304939 0.014404 0.305036 0.952327 -0.005028 -0.012184 0.009182 0.999884
Pred_Rotation 0.870000 0.994417 0.104756 -0.012696 -0.104779 0.994495 -0.001178 0.012502 0.002502 0.999919
Uncertainty 0.870000 0.015405 0.065116 1.233395
True_Rotation 0.880000 0.952386 -0.304557 0.014335 0.304659 0.952446 -0.005487 -0.011982 0.009593 0.999882
Pred_Rotation 0.880000 0.994413 0.104785 -0.012798 -0.104812 0.994491 -0.001448 0.012576 0.002781 0.999917
Uncertainty 0.880000 0.015422 0.065270 1.232839
True_Rotation 0.890000 0.952504 -0.304199 0.014103 0.304300 0.952559 -0.005705 -0.011699 0.009726 0.999884
Pred_Rotation 0.890000 0.994448 0.104469 -0.012614 -0.104494 0.994525 -0.001340 0.012405 0.002651 0.999920
Uncertainty 0.890000 0.015567 0.065489 1.232932
True_Rotation 0.900000 0.952588 -0.303949 0.013816 0.304047 0.952641 -0.005565 -0.011471 0.009502 0.999889
Pred_Rotation 0.900000 0.994467 0.104309 -0.012445 -0.104330 0.994542 -0.001112 0.012261 0.002405 0.999922
Uncertainty 0.900000 0.015822 0.065712 1.233252
True_Rotation 0.910000 0.952634 -0.303817 0.013579 0.303908 0.952687 -0.005204 -0.011355 0.009085 0.999894
Pred_Rotation 0.910000 0.994476 0.104222 -0.012473 -0.104241 0.994552 -0.000924 0.012309 0.002219 0.999922
Uncertainty 0.910000 0.016070 0.065879 1.234239
True_Rotation 0.920000 0.952675 -0.303694 0.013470 0.303780 0.952730 -0.004836 -0.011365 0.008699 0.999898
Pred_Rotation 0.920000 0.994451 0.104446 -0.012593 -0.104466 0.994528 -0.000988 0.012421 0.002298 0.999920
Uncertainty 0.920000 0.016240 0.065940 1.235084
True_Rotation 0.930000 0.952724 -0.303542 0.013382 0.303624 0.952781 -0.004504 -0.011383 0.008354 0.999900
Pred_Rotation 0.930000 0.994448 0.104448 -0.012757 -0.104472 0.994527 -0.001177 0.012565 0.002503 0.999918
Uncertainty 0.930000 0.016312 0.065955 1.235748
True_Rotation 0.940000 0.952781 -0.303370 0.013250 0.303448 0.952838 -0.004277 -0.011327 0.008095 0.999903
Pred_Rotation 0.940000 0.994471 0.104213 -0.012899 -0.104239 0.994551 -0.001387 0.012684 0.002724 0.999916
Uncertainty 0.940000 0.016369 0.065961 1.236376
True_Rotation 0.950000 0.952846 -0.303171 0.013139 0.303245 0.952904 -0.004007 -0.011305 0.007803 0.999906
Pred_Rotation 0.950000 0.994484 0.104054 -0.013197 -0.104085 0.994567 -0.001665 0.012952 0.003029 0.999911
Uncertainty 0.950000 0.016408 0.065978 1.236925
True_Rotation 0.960000 0.952923 -0.302925 0.013197 0.302999 0.952983 -0.003959 -0.011377 0.007771 0.999905
Pred_Rotation 0.960000 0.994443 0.104439 -0.013281 -0.104472 0.994526 -0.001840 0.013016 0.003217 0.999910
Uncertainty 0.960000 0.016254 0.065800 1.237066
True_Rotation 0.970000 0.953019 -0.302613 0.013430 0.302692 0.953079 -0.004243 -0.011516 0.008109 0.999901
Pred_Rotation 0.970000 0.994420 0.104643 -0.013349 -0.104678 0.994504 -0.001961 0.013071 0.003348 0.999909
Uncertainty 0.970000 0.016123 0.065723 1.237749
True_Rotation 0.980000 0.953123 -0.302272 0.013725 0.302354 0.953186 -0.004355 -0.011766 0.008300 0.999896
Pred_Rotation 0.980000 0.994390 0.104882 -0.013728 -0.104923 0.994478 -0.002275 0.013414 0.003703 0.999903
Uncertainty 0.980000 0.016120 0.065875 1.238707
True_Rotation 0.990000 0.953222 -0.301944 0.014068 0.302027 0.953291 -0.004131 -0.012164 0.008187 0.999893
Pred_Rotation 0.990000 0.994398 0.104771 -0.013997 -0.104812 0.994490 -0.002198 0.013689 0.003653 0.999900
Uncertainty 0.990000 0.016309 0.066163 1.240349
True_Rotation 1.000000 0.953315 -0.301636 0.014371 0.301713 0.953392 -0.003479 -0.012652 0.007653 0.999891
Pred_Rotation 1.000000 0.994431 0.104421 -0.014261 -0.104459 0.994527 -0.001967 0.013977 0.003445 0.999896
Uncertainty 1.000000 0.016648 0.066555 1.242226
True_Rotation 1.010000 0.953415 -0.301308 0.014593 0.301375 0.953502 -0.002567 -0.013141 0.006846 0.999890
Pred_Rotation 1.010000 0.994480 0.103962 -0.014181 -0.103993 0.994577 -0.001493 0.013949 0.002959 0.999898
Uncertainty 1.010000 0.016912 0.066758 1.243361
True_Rotation 1.020000 0.953535 -0.300922 0.014737 0.300981 0.953628 -0.001920 -0.013476 0.006266 0.999890
Pred_Rotation 1.020000 0.994515 0.103664 -0.013925 -0.103690 0.994609 -0.001131 0.013733 0.002569 0.999902
Uncertainty 1.020000 0.016909 0.066664 1.243150
True_Rotation 1.030000 0.953670 -0.300492 0.014780 0.300546 0.953766 -0.001564 -0.013626 0.005934 0.999890
Pred_Rotation 1.030000 0.994571 0.103153 -0.013721 -0.103178 0.994662 -0.001130 0.013531 0.002540 0.999905
Uncertainty 1.030000 0.016871 0.066599 1.241987
True_Rotation 1.040000 0.953797 -0.300099 0.014548 0.300145 0.953893 -0.001102 -0.013546 0.005417 0.999894
Pred_Rotation 1.040000 0.994641 0.102515 -0.013423 -0.102540 0.994728 -0.001202 0.013229 0.002572 0.999909
Uncertainty 1.040000 0.016831 0.066548 1.240454
True_Rotation 1.050000 0.953908 -0.299765 0.014188 0.299806 0.954000 -0.000814 -0.013291 0.005030 0.999899
Pred_Rotation 1.050000 0.994679 0.102197 -0.013004 -0.102221 0.994761 -0.001223 0.012811 0.002546 0.999915
Uncertainty 1.050000 0.016673 0.066315 1.238334
True_Rotation 1.060000 0.953998 -0.299493 0.013867 0.299535 0.954085 -0.000976 -0.012938 0.005085 0.999903
Pred_Rotation 1.060000 0.994669 0.102340 -0.012683 -0.102366 0.994746 -0.001408 0.012473 0.002699 0.999919
Uncertainty 1.060000 0.016384 0.065990 1.236434
True_Rotation 1.070000 0.954072 -0.299266 0.013634 0.299311 0.954155 -0.001356 -0.012603 0.005375 0.999906
Pred_Rotation 1.070000 0.994630 0.102690 -0.012864 -0.102725 0.994708 -0.002101 0.012580 0.003411 0.999915
Uncertainty 1.070000 0.016188 0.065868 1.234945
True_Rotation 1.080000 0.954146 -0.299043 0.013391 0.299091 0.954223 -0.001672 -0.012278 0.005600 0.999909
Pred_Rotation 1.080000 0.994588 0.103105 -0.012827 -0.103147 0.994663 -0.002641 0.012486 0.003950 0.999914
Uncertainty 1.080000 0.015971 0.065746 1.234146
True_Rotation 1.090000 0.954224 -0.298800 0.013194 0.298853 0.954297 -0.002182 -0.011939 0.006025 0.999911
Pred_Rotation 1.090000 0.994567 0.103328 -0.012665 -0.103372 0.994639 -0.002846 0.012303 0.004140 0.999916
Uncertainty 1.090000 0.015821 0.065652 1.234481
True_Rotation 1.100000 0.954296 -0.298576 0.013133 0.298634 0.954364 -0.002659 -0.011740 0.006460 0.999910
Pred_Rotation 1.100000 0.994479 0.104131 -0.012964 -0.104182 0.994553 -0.003314 0.012549 0.004646 0.999911
Uncertainty 1.100000 0.015710 0.065634 1.234519
True_Rotation 1.110000 0.954352 -0.298393 0.013213 0.298456 0.954418 -0.003084 -0.011690 0.006887 0.999908
Pred_Rotation 1.110000 0.994385 0.105006 -0.013125 -0.105060 0.994460 -0.003524 0.012683 0.004884 0.999908
Uncertainty 1.110000 0.015686 0.065690 1.234973
True_Rotation 1.120000 0.954409 -0.298206 0.013323 0.298273 0.954475 -0.003336 -0.011722 0.007158 0.999906
Pred_Rotation 1.120000 0.994318 0.105625 -0.013204 -0.105679 0.994394 -0.003522 0.012758 0.004898 0.999907
Uncertainty 1.120000 0.015732 0.065808 1.235810
True_Rotation 1.130000 0.954482 -0.297967 0.013440 0.298037 0.954548 -0.003501 -0.011786 0.007348 0.999904
Pred_Rotation 1.130000 0.994308 0.105735 -0.013073 -0.105784 0.994384 -0.003134 0.012668 0.004499 0.999910
Uncertainty 1.130000 0.015787 0.065865 1.236748
True_Rotation 1.140000 0.954565 -0.297700 0.013427 0.297771 0.954631 -0.003565 -0.011757 0.007401 0.999904
Pred_Rotation 1.140000 0.994359 0.105291 -0.012780 -0.105331 0.994434 -0.002532 0.012443 0.003864 0.999915
Uncertainty 1.140000 0.015945 0.065966 1.237319
True_Rotation 1.150000 0.954645 -0.297453 0.013240 0.297522 0.954709 -0.003479 -0.011606 0.007260 0.999906
Pred_Rotation 1.150000 0.994395 0.104990 -0.012506 -0.105022 0.994468 -0.001905 0.012237 0.003208 0.999920
Uncertainty 1.150000 0.016012 0.065934 1.237140
True_Rotation 1.160000 0.954719 -0.297222 0.013054 0.297290 0.954781 -0.003591 -0.011397 0.007309 0.999908
Pred_Rotation 1.160000 0.994428 0.104717 -0.012115 -0.104742 0.994498 -0.001449 0.011896 0.002710 0.999926
Uncertainty 1.160000 0.016024 0.065843 1.236717
True_Rotation 1.170000 0.954806 -0.296960 0.012659 0.297024 0.954864 -0.003488 -0.011052 0.007091 0.999914
Pred_Rotation 1.170000 0.994501 0.104098 -0.011464 -0.104115 0.994565 -0.000911 0.011307 0.002100 0.999934
Uncertainty 1.170000 0.016124 0.065800 1.236218
True_Rotation 1.180000 0.954904 -0.296670 0.012018 0.296724 0.954959 -0.002974 -0.010594 0.006406 0.999923
Pred_Rotation 1.180000 0.994602 0.103209 -0.010716 -0.103217 0.994659 -0.000186 0.010639 0.001291 0.999943
Uncertainty 1.180000 0.016302 0.065827 1.235816
True_Rotation 1.190000 0.955016 -0.296337 0.011373 0.296382 0.955066 -0.002475 -0.010128 0.005735 0.999932
Pred_Rotation 1.190000 0.994662 0.102672 -0.010304 -0.102674 0.994715 0.000402 0.010291 0.000658 0.999947
Uncertainty 1.190000 0.016319 0.065681 1.234351
True_Rotation 1.200000 0.955135 -0.295971 0.010905 0.296012 0.955181 -0.002321 -0.009730 0.005445 0.999938
Pred_Rotation 1.200000 0.994725 0.102068 -0.010242 -0.102067 0.994777 0.000619 0.010252 0.000429 0.999947
Uncertainty 1.200000 0.016315 0.065620 1.233701
True_Rotation 1.210000 0.955171 -0.295876 0.010320 0.295910 0.955214 -0.001854 -0.009309 0.004824 0.999945
Pred_Rotation 1.210000 0.995050 0.099131 -0.007007 -0.099095 0.995064 0.005300 0.007497 -0.004579 0.999961
Uncertainty 1.210000 0.016993 0.065463 1.238930
True_Rotation 1.220000 0.954917 -0.296728 0.009297 0.296749 0.954955 -0.000945 -0.008597 0.003661 0.999956
Pred_Rotation 1.220000 0.995228 0.097556 -0.001880 -0.097525 0.995157 0.012279 0.003069 -0.012037 0.999923
Uncertainty 1.220000 0.018159 0.065107 1.244489
True_Rotation 1.230000 0.954225 -0.298988 0.007737 0.298994 0.954255 0.000353 -0.007489 0.001976 0.999970
Pred_Rotation 1.230000 0.995249 0.097317 0.002994 -0.097356 0.995075 0.018669 -0.001162 -0.018871 0.999821
Uncertainty 1.230000 0.019692 0.065184 1.246917
True_Rotation 1.240000 0.953044 -0.302779 0.005653 0.302773 0.953061 0.002009 -0.005996 -0.000203 0.999982
Pred_Rotation 1.240000 0.994982 0.099870 0.006061 -0.099983 0.994729 0.022731 -0.003759 -0.023223 0.999723
Uncertainty 1.240000 0.021294 0.065402 1.245202
True_Rotation 1.250000 0.951385 -0.307990 0.002759 0.307977 0.951383 0.004450 -0.003995 -0.003384 0.999986
Pred_Rotation 1.250000 0.994458 0.104889 0.007247 -0.105035 0.994178 0.024044 -0.004683 -0.024671 0.999685
Uncertainty 1.250000 0.022850 0.065743 1.240034
True_Rotation 1.260000 0.949297 -0.314380 -0.000911 0.314378 0.949267 0.007680 -0.001549 -0.007577 0.999970
Pred_Rotation 1.260000 0.993688 0.111965 0.006951 -0.112096 0.993433 0.022905 -0.004341 -0.023539 0.999714
Uncertainty 1.260000 0.024165 0.066020 1.231557
True_Rotation 1.270000 0.946866 -0.321587 -0.005052 0.321625 0.946800 0.011286 0.001154 -0.012311 0.999924
Pred_Rotation 1.270000 0.992667 0.120759 0.005466 -0.120843 0.992485 0.019264 -0.003098 -0.019784 0.999799
Uncertainty 1.270000 0.024907 0.066168 1.219966
True_Rotation 1.280000 0.944199 -0.329245 -0.009246 0.329351 0.944094 0.014637 0.003910 -0.016865 0.999850
Pred_Rotation 1.280000 0.991511 0.129973 0.003506 -0.130009 0.991421 0.013463 -0.001726 -0.013804 0.999903
Uncertainty 1.280000 0.024854 0.066130 1.206965
True_Rotation 1.290000 0.941419 -0.336985 -0.013068 0.337175 0.941285 0.017184 0.006510 -0.020583 0.999767
Pred_Rotation 1.290000 0.990317 0.138823 0.000857 -0.138826 0.990297 0.006179 0.000009 -0.006238 0.999981
Uncertainty 1.290000 0.023962 0.065798 1.194043
True_Rotation 1.300000 0.938636 -0.344537 -0.016036 0.344803 0.938488 0.018722 0.008599 -0.023103 0.999696
Pred_Rotation 1.300000 0.989994 0.141089 0.002261 -0.141093 0.989995 0.001760 -0.001990 -0.002061 0.999996
Uncertainty 1.300000 0.022952 0.066791 1.184769
True_Rotation 1.310000 0.935833 -0.351954 -0.018571 0.352293 0.935674 0.020084 0.010307 -0.025338 0.999626
Pred_Rotation 1.310000 0.989956 0.141334 0.003449 -0.141324 0.989959 -0.003009 -0.003839 0.002492 0.999989
Uncertainty 1.310000 0.022520 0.067668 1.180534
True_Rotation 1.320000 0.932983 -0.359302 -0.021104 0.359729 0.932796 0.022047 0.011764 -0.028161 0.999534
Pred_Rotation 1.320000 0.990271 0.139067 0.004789 -0.139042 0.990272 -0.005284 -0.005477 0.004566 0.999975
Uncertainty 1.320000 0.022532 0.068362 1.184062
True_Rotation 1.330000 0.930067 -0.366632 -0.023590 0.367159 0.929842 0.024247 0.013045 -0.031213 0.999428
Pred_Rotation 1.330000 0.990495 0.137389 0.006613 -0.137353 0.990506 -0.005613 -0.007322 0.004651 0.999962
Uncertainty 1.330000 0.022558 0.068364 1.186422
True_Rotation 1.340000 0.927076 -0.373991 -0.025717 0.374605 0.926827 0.025742 0.014208 -0.033499 0.999338
Pred_Rotation 1.340000 0.990572 0.136767 0.007930 -0.136721 0.990591 -0.006029 -0.008680 0.004888 0.999950
Uncertainty 1.340000 0.022483 0.068279 1.187347
True_Rotation 1.350000 0.924022 -0.381350 -0.027484 0.382042 0.923749 0.027057 0.015071 -0.035501 0.999256
Pred_Rotation 1.350000 0.990533 0.137065 0.007589 -0.137010 0.990543 -0.007283 -0.008516 0.006174 0.999945
Uncertainty 1.350000 0.022450 0.068414 1.188382
True_Rotation 1.360000 0.920934 -0.388639 -0.028972 0.389412 0.920610 0.028894 0.015443 -0.037892 0.999162
Pred_Rotation 1.360000 0.990218 0.139409 0.005853 -0.139346 0.990192 -0.010158 -0.007212 0.009243 0.999931
Uncertainty 1.360000 0.022605 0.069045 1.187336
True_Rotation 1.370000 0.917796 -0.395882 -0.030460 0.396748 0.917392 0.031343 0.015535 -0.040852 0.999044
Pred_Rotation 1.370000 0.989876 0.141856 0.004709 -0.141787 0.989815 -0.012790 -0.006476 0.011993 0.999907
Uncertainty 1.370000 0.022903 0.069885 1.184897
True_Rotation 1.380000 0.914586 -0.403136 -0.031845 0.404093 0.914098 0.033661 0.015540 -0.043654 0.998926
Pred_Rotation 1.380000 0.989739 0.142823 0.004373 -0.142749 0.989659 -0.014062 -0.006336 0.013293 0.999892
Uncertainty 1.380000 0.023161 0.070517 1.183482
True_Rotation 1.390000 0.911300 -0.410439 -0.032736 0.411458 0.910742 0.035380 0.015293 -0.045711 0.998838
Pred_Rotation 1.390000 0.989704 0.143070 0.003995 -0.143000 0.989618 -0.014400 -0.006013 0.013680 0.999888
Uncertainty 1.390000 0.023204 0.070740 1.183029
True_Rotation 1.400000 0.907957 -0.417766 -0.032937 0.418805 0.907346 0.036412 0.014674 -0.046855 0.998794
Pred_Rotation 1.400000 0.989673 0.143306 0.003214 -0.143246 0.989582 -0.014387 -0.005242 0.013778 0.999891
Uncertainty 1.400000 0.023000 0.070717 1.183737
True_Rotation 1.410000 0.904569 -0.425086 -0.032521 0.426110 0.903911 0.037080 0.013634 -0.047399 0.998783
Pred_Rotation 1.410000 0.989545 0.144221 0.001400 -0.144183 0.989436 -0.015056 -0.003557 0.014697 0.999886
Uncertainty 1.410000 0.022794 0.070978 1.186598
True_Rotation 1.420000 0.901135 -0.432385 -0.031607 0.433371 0.900417 0.037931 0.012058 -0.047879 0.998780
Pred_Rotation 1.420000 0.989259 0.146168 -0.001471 -0.146172 0.989122 -0.016471 -0.000952 0.016509 0.999863
Uncertainty 1.420000 0.022619 0.071440 1.190231
True_Rotation 1.430000 0.897682 -0.439614 -0.030107 0.440529 0.896910 0.038545 0.010059 -0.047864 0.998803
Pred_Rotation 1.430000 0.988782 0.149302 -0.004352 -0.149356 0.988621 -0.017906 0.001629 0.018355 0.999830
Uncertainty 1.430000 0.022231 0.071635 1.191067
True_Rotation 1.440000 0.894211 -0.446773 -0.027939 0.447577 0.893423 0.038331 0.007836 -0.046781 0.998874
Pred_Rotation 1.440000 0.988293 0.152346 -0.008228 -0.152480 0.988117 -0.019367 0.005180 0.020395 0.999779
Uncertainty 1.440000 0.021979 0.071881 1.187727
True_Rotation 1.450000 0.890724 -0.453849 -0.025129 0.454511 0.889971 0.037044 0.005551 -0.044418 0.998998
Pred_Rotation 1.450000 0.987747 0.155569 -0.012388 -0.155799 0.987577 -0.020461 0.009051 0.022140 0.999714
Uncertainty 1.450000 0.021491 0.071770 1.180099
True_Rotation 1.460000 0.887281 -0.460731 -0.021445 0.461218 0.886633 0.034062 0.003320 -0.040113 0.999190
Pred_Rotation 1.460000 0.987169 0.158750 -0.017199 -0.159101 0.987030 -0.021404 0.013578 0.023866 0.999623
Uncertainty 1.460000 0.020434 0.070968 1.168702
True_Rotation 1.470000 0.883971 -0.467238 -0.016849 0.467540 0.883493 0.029106 0.001286 -0.033607 0.999434
Pred_Rotation 1.470000 0.986853 0.160180 -0.021526 -0.160637 0.986779 -0.021516 0.017795 0.024691 0.999537
Uncertainty 1.470000 0.019074 0.070087 1.160656
True_Rotation 1.480000 0.880842 -0.473272 -0.011477 0.473410 0.880521 0.023788 -0.001152 -0.026387 0.999651
Pred_Rotation 1.480000 0.986266 0.163118 -0.025907 -0.163675 0.986289 -0.021076 0.022114 0.025026 0.999442
Uncertainty 1.480000 0.017528 0.069378 1.152323
True_Rotation 1.490000 0.877673 -0.479209 -0.006980 0.479248 0.877458 0.019717 -0.003324 -0.020650 0.999781
Pred_Rotation 1.490000 0.987169 0.158153 -0.022034 -0.158463 0.987278 -0.013126 0.019678 0.016449 0.999671
Uncertainty 1.490000 0.017179 0.069960 1.167538
True_Rotation 1.500000 0.874333 -0.485284 -0.006348 0.485313 0.874143 0.018564 -0.003459 -0.019312 0.999808
Pred_Rotation 1.500000 0.987467 0.156987 -0.016236 -0.157117 0.987555 -0.007009 0.014933 0.009472 0.999844
Uncertainty 1.500000 0.017491 0.070222 1.179943
True_Rotation 1.510000 0.870860 -0.491449 -0.008945 0.491528 0.870655 0.018965 -0.001532 -0.020912 0.999780
Pred_Rotation 1.510000 0.987969 0.154445 -0.007985 -0.154459 0.987999 -0.001175 0.007708 0.002394 0.999967
Uncertainty 1.510000 0.018324 0.070001 1.192261
True_Rotation 1.520000 0.867099 -0.497980 -0.012439 0.498133 0.866895 0.018862 0.001390 -0.022552 0.999745
Pred_Rotation 1.520000 0.988596 0.150589 -0.000845 -0.150586 0.988592 0.003164 0.001311 -0.003001 0.999995
Uncertainty 1.520000 0.019774 0.069322 1.199138
True_Rotation 1.530000 0.862890 -0.505146 -0.015758 0.505370 0.862724 0.017565 0.004722 -0.023121 0.999722
