True_Rotation 0.010000 0.929253 -0.348842 -0.121647 0.368982 0.859877 0.352794 -0.018468 -0.372720 0.927760
Pred_Rotation 0.010000 0.930502 -0.343651 -0.126771 0.366129 0.862439 0.349498 -0.010774 -0.371623 0.928321
Uncertainty 0.010000 0.000000 -0.000000 0.000000 -0.000000 0.000000 -0.000000 0.000000 -0.000000 0.000000
True_Rotation 0.020000 0.930451 -0.344168 -0.125737 0.366232 0.862598 0.348998 -0.011654 -0.370774 0.928650
Pred_Rotation 0.020000 0.931618 -0.339481 -0.129769 0.363405 0.865269 0.345321 -0.004945 -0.368866 0.929470
Uncertainty 0.020000 0.000000 -0.000000 0.000000 -0.000000 0.000000 -0.000000 0.000000 -0.000000 0.000000
True_Rotation 0.030000 0.931582 -0.340419 -0.127558 0.363470 0.865681 0.344217 -0.006754 -0.367030 0.930185
Pred_Rotation 0.030000 0.932732 -0.336141 -0.130460 0.360569 0.868629 0.339813 -0.000903 -0.363995 0.931401
Uncertainty 0.030000 0.000000 -0.000000 0.000000 -0.000000 0.000000 -0.000000 0.000000 -0.000000 0.000000
True_Rotation 0.040000 0.932735 -0.337336 -0.127321 0.360548 0.869284 0.338158 -0.003395 -0.361317 0.932437
Pred_Rotation 0.040000 0.933896 -0.333298 -0.129427 0.357541 0.872436 0.333197 0.001863 -0.357447 0.933932
Uncertainty 0.040000 0.000000 -0.000000 0.000000 -0.000000 0.000000 -0.000000 0.000000 -0.000000 0.000000
True_Rotation 0.050000 0.933963 -0.334697 -0.125261 0.357367 0.873451 0.330715 -0.001280 -0.353639 0.935381
Pred_Rotation 0.050000 0.935175 -0.330906 -0.126285 0.354169 0.876987 0.324743 0.003291 -0.348418 0.937333
Uncertainty 0.050000 0.000000 -0.000000 0.000000 -0.000000 0.000000 -0.000000 0.000000 -0.000000 0.000000
True_Rotation 0.060000 0.935339 -0.332471 -0.120847 0.353752 0.878499 0.321090 -0.000589 -0.343078 0.939307
Pred_Rotation 0.060000 0.936640 -0.328879 -0.120599 0.350279 0.882506 0.313829 0.003218 -0.336188 0.941790
Uncertainty 0.060000 0.000000 -0.000000 0.000000 -0.000000 0.000000 -0.000000 0.000000 -0.000000 0.000000
True_Rotation 0.070000 0.936896 -0.330621 -0.113645 0.349604 0.884620 0.308584 -0.001492 -0.328842 0.944384
Pred_Rotation 0.070000 0.938277 -0.327288 -0.111884 0.345881 0.889176 0.299553 0.001444 -0.319763 0.947497
Uncertainty 0.070000 0.000000 -0.000000 0.000000 -0.000000 0.000000 -0.000000 0.000000 -0.000000 0.000000
True_Rotation 0.080000 0.938594 -0.329197 -0.103300 0.344998 0.891802 0.292687 -0.004228 -0.310353 0.950612
Pred_Rotation 0.080000 0.940027 -0.326112 -0.099999 0.341092 0.896711 0.282074 -0.002317 -0.299266 0.954167
Uncertainty 0.080000 0.000000 -0.000000 0.000000 -0.000000 0.000000 -0.000000 0.000000 -0.000000 0.000000
True_Rotation 0.090000 0.940175 -0.328324 -0.090962 0.340586 0.899112 0.274952 -0.008488 -0.289484 0.957145
Pred_Rotation 0.090000 0.941357 -0.325606 -0.088471 0.337348 0.903191 0.265408 -0.006512 -0.279689 0.960068
Uncertainty 0.090000 0.000000 -0.000000 0.000000 -0.000000 0.000000 -0.000000 0.000000 -0.000000 0.000000
True_Rotation 0.100000 0.941398 -0.327613 -0.080247 0.337065 0.904905 0.259872 -0.012522 -0.271691 0.962303
Pred_Rotation 0.100000 0.942490 -0.324795 -0.078870 0.334075 0.908167 0.252244 -0.010301 -0.264086 0.964444
Uncertainty 0.100000 0.000000 -0.000000 0.000000 -0.000000 0.000000 -0.000000 0.000000 -0.000000 0.000000
True_Rotation 0.110000 0.942434 -0.326664 -0.071478 0.333997 0.909162 0.248738 -0.016269 -0.258293 0.965930
Pred_Rotation 0.110000 0.943455 -0.323836 -0.070866 0.331200 0.911734 0.242996 -0.014080 -0.252726 0.967435
Uncertainty 0.110000 0.000000 -0.000000 0.000000 -0.000000 0.000000 -0.000000 0.000000 -0.000000 0.000000
True_Rotation 0.120000 0.943316 -0.325658 -0.064042 0.331293 0.912278 0.240819 -0.020001 -0.248385 0.968455
Pred_Rotation 0.120000 0.944280 -0.322863 -0.063991 0.328669 0.914492 0.235970 -0.017667 -0.243854 0.969651
Uncertainty 0.120000 0.000000 -0.000000 0.000000 -0.000000 0.000000 -0.000000 0.000000 -0.000000 0.000000
True_Rotation 0.130000 0.944061 -0.324703 -0.057587 0.328951 0.914945 0.233809 -0.023230 -0.239673 0.970576
Pred_Rotation 0.130000 0.944962 -0.322008 -0.057945 0.326537 0.917101 0.228691 -0.020499 -0.235026 0.971773
Uncertainty 0.130000 0.000000 -0.000000 0.000000 -0.000000 0.000000 -0.000000 0.000000 -0.000000 0.000000
True_Rotation 0.140000 0.944673 -0.323876 -0.051933 0.327017 0.917594 0.226012 -0.025546 -0.230491 0.972739
Pred_Rotation 0.140000 0.945521 -0.321260 -0.052745 0.324800 0.919774 0.220274 -0.022252 -0.225405 0.974011
Uncertainty 0.140000 0.000000 -0.000000 0.000000 -0.000000 0.000000 -0.000000 0.000000 -0.000000 0.000000
True_Rotation 0.150000 0.945195 -0.323077 -0.047192 0.325402 0.920231 0.217459 -0.026829 -0.220897 0.974928
Pred_Rotation 0.150000 0.946020 -0.320454 -0.048535 0.323284 0.922297 0.211792 -0.023105 -0.216050 0.976109
Uncertainty 0.150000 0.000000 -0.000000 0.000000 -0.000000 0.000000 -0.000000 0.000000 -0.000000 0.000000
True_Rotation 0.160000 0.945670 -0.322209 -0.043478 0.323980 0.922635 0.209241 -0.027305 -0.211959 0.976897
Pred_Rotation 0.160000 0.946468 -0.319594 -0.045362 0.321960 0.924533 0.203912 -0.023231 -0.207601 0.977938
Uncertainty 0.160000 0.000000 -0.000000 0.000000 -0.000000 0.000000 -0.000000 0.000000 -0.000000 0.000000
True_Rotation 0.170000 0.946105 -0.321299 -0.040644 0.322719 0.924791 0.201530 -0.027165 -0.203785 0.978639
Pred_Rotation 0.170000 0.946889 -0.318695 -0.042829 0.320745 0.926601 0.196300 -0.022874 -0.199612 0.979608
Uncertainty 0.170000 0.000000 -0.000000 0.000000 -0.000000 0.000000 -0.000000 0.000000 -0.000000 0.000000
True_Rotation 0.180000 0.946517 -0.320373 -0.038297 0.321549 0.926790 0.194078 -0.026684 -0.196012 0.980238
Pred_Rotation 0.180000 0.947314 -0.317716 -0.040649 0.319521 0.928475 0.189318 -0.022408 -0.192332 0.981074
Uncertainty 0.180000 0.000000 -0.000000 0.000000 -0.000000 0.000000 -0.000000 0.000000 -0.000000 0.000000
True_Rotation 0.190000 0.946929 -0.319386 -0.036306 0.320394 0.928685 0.186794 -0.025942 -0.188513 0.981728
Pred_Rotation 0.190000 0.947702 -0.316772 -0.038931 0.318442 0.930366 0.181697 -0.021337 -0.184592 0.982584
Uncertainty 0.190000 0.000000 -0.000000 0.000000 -0.000000 0.000000 -0.000000 0.000000 -0.000000 0.000000
True_Rotation 0.200000 0.947313 -0.318391 -0.035015 0.319379 0.930562 0.179030 -0.024418 -0.180780 0.983220
Pred_Rotation 0.200000 0.948068 -0.315765 -0.038196 0.317481 0.932193 0.173844 -0.019288 -0.176943 0.984032
Uncertainty 0.200000 0.000000 -0.000000 0.000000 -0.000000 0.000000 -0.000000 0.000000 -0.000000 0.000000
True_Rotation 0.210000 0.947672 -0.317340 -0.034826 0.318503 0.932395 0.170865 -0.021751 -0.173016 0.984679
Pred_Rotation 0.210000 0.948397 -0.314731 -0.038578 0.316684 0.934032 0.165214 -0.015964 -0.168905 0.985503
Uncertainty 0.210000 0.000000 -0.000000 0.000000 -0.000000 0.000000 -0.000000 0.000000 -0.000000 0.000000
True_Rotation 0.220000 0.947895 -0.316617 -0.035350 0.318035 0.933906 0.163318 -0.018695 -0.166051 0.985940
Pred_Rotation 0.220000 0.948587 -0.314080 -0.039191 0.316253 0.935466 0.157756 -0.012886 -0.162039 0.986700
Uncertainty 0.220000 0.000000 -0.000000 0.000000 -0.000000 0.000000 -0.000000 0.000000 -0.000000 0.000000
True_Rotation 0.230000 0.948085 -0.316008 -0.035687 0.317624 0.935361 0.155608 -0.015793 -0.158865 0.987174
Pred_Rotation 0.230000 0.948756 -0.313578 -0.039135 0.315844 0.936935 0.149654 -0.010261 -0.154346 0.987964
Uncertainty 0.230000 0.000000 -0.000000 0.000000 -0.000000 0.000000 -0.000000 0.000000 -0.000000 0.000000
True_Rotation 0.240000 0.948237 -0.315615 -0.035128 0.317271 0.936799 0.147467 -0.013635 -0.150979 0.988443
Pred_Rotation 0.240000 0.948867 -0.313370 -0.038080 0.315556 0.938278 0.141629 -0.008653 -0.146403 0.989187
Uncertainty 0.240000 0.000000 -0.000000 0.000000 -0.000000 0.000000 -0.000000 0.000000 -0.000000 0.000000
True_Rotation 0.250000 0.948336 -0.315520 -0.033239 0.317010 0.938145 0.139242 -0.012751 -0.142586 0.989700
Pred_Rotation 0.250000 0.948952 -0.313435 -0.035330 0.315305 0.939608 0.133115 -0.008527 -0.137460 0.990471
Uncertainty 0.250000 0.000000 -0.000000 0.000000 -0.000000 0.000000 -0.000000 0.000000 -0.000000 0.000000
True_Rotation 0.260000 0.948386 -0.315686 -0.030101 0.316848 0.939384 0.131013 -0.013082 -0.133789 0.990924
Pred_Rotation 0.260000 0.948956 -0.313770 -0.032118 0.315277 0.940672 0.125445 -0.009148 -0.129167 0.991581
Uncertainty 0.260000 0.000000 -0.000000 0.000000 -0.000000 0.000000 -0.000000 0.000000 -0.000000 0.000000
True_Rotation 0.270000 0.948332 -0.316148 -0.026779 0.316974 0.940325 0.123756 -0.013944 -0.125850 0.991951
Pred_Rotation 0.270000 0.948849 -0.314425 -0.028694 0.315566 0.941478 0.118477 -0.010238 -0.121471 0.992542
Uncertainty 0.270000 0.000000 -0.000000 0.000000 -0.000000 0.000000 -0.000000 0.000000 -0.000000 0.000000
True_Rotation 0.280000 0.948180 -0.316897 -0.023051 0.317366 0.941091 0.116731 -0.015298 -0.117997 0.992896
Pred_Rotation 0.280000 0.948670 -0.315303 -0.024657 0.316044 0.942198 0.111265 -0.011850 -0.113346 0.993485
Uncertainty 0.280000 0.000000 -0.000000 0.000000 -0.000000 0.000000 -0.000000 0.000000 -0.000000 0.000000
True_Rotation 0.290000 0.947978 -0.317780 -0.018820 0.317879 0.941793 0.109450 -0.017057 -0.109739 0.993814
Pred_Rotation 0.290000 0.948468 -0.316220 -0.020308 0.316575 0.942857 0.103930 -0.013717 -0.105003 0.994377
Uncertainty 0.290000 0.000000 -0.000000 0.000000 -0.000000 0.000000 -0.000000 0.000000 -0.000000 0.000000
True_Rotation 0.300000 0.947769 -0.318620 -0.014652 0.318397 0.942391 0.102581 -0.018876 -0.101888 0.994617
Pred_Rotation 0.300000 0.948276 -0.317019 -0.016451 0.317070 0.943359 0.097681 -0.015447 -0.097845 0.995082
Uncertainty 0.300000 0.000000 -0.000000 0.000000 -0.000000 0.000000 -0.000000 0.000000 -0.000000 0.000000
True_Rotation 0.310000 0.947599 -0.319275 -0.010904 0.318794 0.942864 0.096840 -0.020638 -0.095242 0.995240
Pred_Rotation 0.310000 0.948161 -0.317542 -0.012559 0.317313 0.943832 0.092160 -0.017412 -0.091368 0.995665
Uncertainty 0.310000 0.000000 -0.000000 0.000000 -0.000000 0.000000 -0.000000 0.000000 -0.000000 0.000000
True_Rotation 0.320000 0.947537 -0.319579 -0.006516 0.318823 0.943442 0.090935 -0.022913 -0.088242 0.995835
Pred_Rotation 0.320000 0.948173 -0.317663 -0.007674 0.317127 0.944503 0.085697 -0.019975 -0.083689 0.996292
Uncertainty 0.320000 0.000000 -0.000000 0.000000 -0.000000 0.000000 -0.000000 0.000000 -0.000000 0.000000
True_Rotation 0.330000 0.947568 -0.319551 -0.001400 0.318526 0.944159 0.084284 -0.025611 -0.080311 0.996441
Pred_Rotation 0.330000 0.948180 -0.317719 -0.003206 0.316950 0.945082 0.079767 -0.022313 -0.076649 0.996808
Uncertainty 0.330000 0.000000 -0.000000 0.000000 -0.000000 0.000000 -0.000000 0.000000 -0.000000 0.000000
True_Rotation 0.340000 0.947590 -0.319481 0.002197 0.318316 0.944680 0.079091 -0.027343 -0.074246 0.996865
Pred_Rotation 0.340000 0.948229 -0.317588 -0.000611 0.316730 0.945521 0.075312 -0.023340 -0.071606 0.997160
Uncertainty 0.340000 0.000000 -0.000000 0.000000 -0.000000 0.000000 -0.000000 0.000000 -0.000000 0.000000
True_Rotation 0.350000 0.947663 -0.319243 0.004192 0.318054 0.945116 0.074809 -0.027845 -0.069560 0.997189
Pred_Rotation 0.350000 0.948305 -0.317358 0.000854 0.316499 0.945928 0.071056 -0.023358 -0.067113 0.997472
Uncertainty 0.350000 0.000000 -0.000000 0.000000 -0.000000 0.000000 -0.000000 0.000000 -0.000000 0.000000
True_Rotation 0.360000 0.947751 -0.318970 0.005185 0.317838 0.945530 0.070373 -0.027349 -0.065048 0.997507
Pred_Rotation 0.360000 0.948404 -0.317062 0.001371 0.316277 0.946341 0.066391 -0.022348 -0.062532 0.997793
Uncertainty 0.360000 0.000000 -0.000000 0.000000 -0.000000 0.000000 -0.000000 0.000000 -0.000000 0.000000
True_Rotation 0.370000 0.947862 -0.318638 0.005273 0.317623 0.945932 0.065796 -0.025953 -0.060690 0.997819
Pred_Rotation 0.370000 0.948530 -0.316684 0.001031 0.316012 0.946719 0.062132 -0.020652 -0.058608 0.998067
Uncertainty 0.370000 0.000000 -0.000000 0.000000 -0.000000 0.000000 -0.000000 0.000000 -0.000000 0.000000
True_Rotation 0.380000 0.947979 -0.318300 0.004646 0.317420 0.946262 0.061909 -0.024102 -0.057214 0.998071
Pred_Rotation 0.380000 0.948613 -0.316438 0.000141 0.315885 0.946983 0.058655 -0.018694 -0.055596 0.998278
Uncertainty 0.380000 0.000000 -0.000000 0.000000 -0.000000 0.000000 -0.000000 0.000000 -0.000000 0.000000
True_Rotation 0.390000 0.948041 -0.318130 0.003542 0.317386 0.946478 0.058695 -0.022025 -0.054521 0.998270
Pred_Rotation 0.390000 0.948634 -0.316373 -0.001180 0.315946 0.947147 0.055601 -0.016473 -0.053118 0.998452
Uncertainty 0.390000 0.000000 -0.000000 0.000000 -0.000000 0.000000 -0.000000 0.000000 -0.000000 0.000000
True_Rotation 0.400000 0.947912 -0.318524 0.002167 0.317900 0.946440 0.056484 -0.020042 -0.052853 0.998401
Pred_Rotation 0.400000 0.948416 -0.317018 -0.002510 0.316688 0.947003 0.053793 -0.014677 -0.051813 0.998549
Uncertainty 0.400000 0.000000 -0.000000 0.000000 -0.000000 0.000000 -0.000000 0.000000 -0.000000 0.000000
True_Rotation 0.410000 0.947714 -0.319119 0.001081 0.318592 0.946330 0.054389 -0.018380 -0.051200 0.998519
Pred_Rotation 0.410000 0.948237 -0.317548 -0.003276 0.317290 0.946939 0.051314 -0.013192 -0.049697 0.998677
Uncertainty 0.410000 0.000000 -0.000000 0.000000 -0.000000 0.000000 -0.000000 0.000000 -0.000000 0.000000
True_Rotation 0.420000 0.947571 -0.319544 0.000629 0.319088 0.946321 0.051570 -0.017074 -0.048666 0.998669
Pred_Rotation 0.420000 0.948126 -0.317877 -0.003439 0.317667 0.946977 0.048189 -0.012061 -0.046782 0.998832
Uncertainty 0.420000 0.000000 -0.000000 0.000000 -0.000000 0.000000 -0.000000 0.000000 -0.000000 0.000000
True_Rotation 0.430000 0.947510 -0.319724 0.000740 0.319319 0.946420 0.048221 -0.016118 -0.045453 0.998836
Pred_Rotation 0.430000 0.948113 -0.317920 -0.003081 0.317734 0.947128 0.044655 -0.011279 -0.043316 0.998998
Uncertainty 0.430000 0.000000 -0.000000 0.000000 -0.000000 0.000000 -0.000000 0.000000 -0.000000 0.000000
True_Rotation 0.440000 0.947547 -0.319614 0.001385 0.319241 0.946633 0.044398 -0.015501 -0.041627 0.999013
Pred_Rotation 0.440000 0.948191 -0.317694 -0.002155 0.317517 0.947387 0.040497 -0.010824 -0.039083 0.999177
Uncertainty 0.440000 0.000000 -0.000000 0.000000 -0.000000 0.000000 -0.000000 0.000000 -0.000000 0.000000
True_Rotation 0.450000 0.947658 -0.319279 0.002516 0.318928 0.946932 0.040074 -0.015178 -0.037174 0.999194
Pred_Rotation 0.450000 0.948321 -0.317312 -0.000878 0.317136 0.947694 0.036081 -0.010617 -0.034494 0.999348
Uncertainty 0.450000 0.000000 -0.000000 0.000000 -0.000000 0.000000 -0.000000 0.000000 -0.000000 0.000000
True_Rotation 0.460000 0.947801 -0.318840 0.003859 0.318508 0.947246 0.035742 -0.015052 -0.032647 0.999354
Pred_Rotation 0.460000 0.948473 -0.316857 0.000470 0.316681 0.947995 0.031910 -0.010557 -0.030117 0.999491
Uncertainty 0.460000 0.000000 -0.000000 0.000000 -0.000000 0.000000 -0.000000 0.000000 -0.000000 0.000000
True_Rotation 0.470000 0.947962 -0.318341 0.005159 0.318027 0.947543 0.031961 -0.015063 -0.028658 0.999476
Pred_Rotation 0.470000 0.948641 -0.316350 0.001678 0.316176 0.948269 0.028611 -0.010642 -0.026611 0.999589
Uncertainty 0.470000 0.000000 -0.000000 0.000000 -0.000000 0.000000 -0.000000 0.000000 -0.000000 0.000000
True_Rotation 0.480000 0.948136 -0.317803 0.006313 0.317504 0.947816 0.028900 -0.015168 -0.025397 0.999562
Pred_Rotation 0.480000 0.948819 -0.315808 0.002779 0.315638 0.948533 0.025660 -0.010739 -0.023470 0.999667
Uncertainty 0.480000 0.000000 -0.000000 0.000000 -0.000000 0.000000 -0.000000 0.000000 -0.000000 0.000000
True_Rotation 0.490000 0.948320 -0.317229 0.007369 0.316947 0.948084 0.026104 -0.015268 -0.022419 0.999632
Pred_Rotation 0.490000 0.949010 -0.315224 0.003780 0.315060 0.948792 0.023041 -0.010850 -0.020675 0.999727
Uncertainty 0.490000 0.000000 -0.000000 0.000000 -0.000000 0.000001 -0.000000 0.000000 -0.000000 0.000000
True_Rotation 0.500000 0.948518 -0.316617 0.008270 0.316351 0.948344 0.023797 -0.015377 -0.019956 0.999683
Pred_Rotation 0.500000 0.949212 -0.314606 0.004547 0.314448 0.949040 0.021102 -0.010954 -0.018600 0.999767
Uncertainty 0.500000 0.000001 -0.000000 0.000000 -0.000000 0.000001 -0.000000 0.000000 -0.000000 0.000001
True_Rotation 0.510000 0.948726 -0.315975 0.008923 0.315723 0.948593 0.022144 -0.015462 -0.018192 0.999715
Pred_Rotation 0.510000 0.949425 -0.313954 0.005089 0.313802 0.949284 0.019690 -0.011013 -0.017097 0.999793
Uncertainty 0.510000 0.000001 -0.000000 0.000000 -0.000000 0.000001 -0.000000 0.000000 -0.000000 0.000001
True_Rotation 0.520000 0.948940 -0.315314 0.009426 0.315074 0.948839 0.020832 -0.015513 -0.016799 0.999739
Pred_Rotation 0.520000 0.949637 -0.313301 0.005578 0.313156 0.949523 0.018411 -0.011065 -0.015737 0.999815
Uncertainty 0.520000 0.000001 -0.000000 0.000000 -0.000000 0.000001 -0.000000 0.000000 -0.000000 0.000001
True_Rotation 0.530000 0.949155 -0.314651 0.009972 0.314426 0.949086 0.019290 -0.015534 -0.015174 0.999764
Pred_Rotation 0.530000 0.949853 -0.312637 0.006202 0.312503 0.949774 0.016471 -0.011040 -0.013707 0.999845
Uncertainty 0.530000 0.000001 -0.000000 0.000000 -0.000000 0.000001 -0.000000 0.000000 -0.000000 0.000001
True_Rotation 0.540000 0.949371 -0.313976 0.010645 0.313773 0.949341 0.017262 -0.015526 -0.013048 0.999794
Pred_Rotation 0.540000 0.950066 -0.311971 0.006900 0.311851 0.950020 0.014505 -0.011080 -0.011629 0.999871
Uncertainty 0.540000 0.000001 -0.000000 0.000000 -0.000000 0.000001 -0.000000 0.000000 -0.000000 0.000001
True_Rotation 0.550000 0.949581 -0.313318 0.011321 0.313132 0.949582 0.015570 -0.015629 -0.011240 0.999815
Pred_Rotation 0.550000 0.950269 -0.311339 0.007526 0.311226 0.950245 0.013172 -0.011252 -0.010174 0.999885
Uncertainty 0.550000 0.000001 -0.000000 0.000000 -0.000000 0.000001 -0.000000 0.000000 -0.000000 0.000001
True_Rotation 0.560000 0.949774 -0.312711 0.011907 0.312537 0.949796 0.014439 -0.015824 -0.009992 0.999825
Pred_Rotation 0.560000 0.950449 -0.310774 0.008069 0.310668 0.950441 0.012160 -0.011448 -0.009051 0.999893
Uncertainty 0.560000 0.000001 -0.000000 0.000000 -0.000000 0.000001 -0.000000 0.000000 -0.000000 0.000001
True_Rotation 0.570000 0.949941 -0.312184 0.012379 0.312021 0.949980 0.013466 -0.015963 -0.008929 0.999833
Pred_Rotation 0.570000 0.950603 -0.310294 0.008451 0.310196 0.950607 0.011190 -0.011506 -0.008016 0.999902
Uncertainty 0.570000 0.000001 -0.000000 0.000000 -0.000000 0.000001 -0.000000 0.000000 -0.000000 0.000001
True_Rotation 0.580000 0.950085 -0.311734 0.012675 0.311585 0.950136 0.012486 -0.015935 -0.007914 0.999842
Pred_Rotation 0.580000 0.950737 -0.309878 0.008660 0.309789 0.950751 0.010196 -0.011393 -0.007011 0.999911
Uncertainty 0.580000 0.000001 -0.000000 0.000000 -0.000000 0.000001 -0.000000 0.000000 -0.000000 0.000001
True_Rotation 0.590000 0.950216 -0.311331 0.012771 0.311197 0.950276 0.011496 -0.015715 -0.006949 0.999852
Pred_Rotation 0.590000 0.950863 -0.309490 0.008627 0.309413 0.950883 0.009217 -0.011056 -0.006095 0.999920
Uncertainty 0.590000 0.000001 -0.000000 0.000000 -0.000000 0.000001 -0.000000 0.000000 -0.000000 0.000001
True_Rotation 0.600000 0.950346 -0.310935 0.012701 0.310818 0.950413 0.010403 -0.015306 -0.005939 0.999865
Pred_Rotation 0.600000 0.950996 -0.309085 0.008557 0.309022 0.951022 0.007955 -0.010597 -0.004921 0.999932
Uncertainty 0.600000 0.000001 -0.000000 0.000000 -0.000000 0.000001 -0.000000 0.000000 -0.000000 0.000001
True_Rotation 0.610000 0.950480 -0.310528 0.012652 0.310432 0.950553 0.009021 -0.014828 -0.004647 0.999879
Pred_Rotation 0.610000 0.951123 -0.308696 0.008529 0.308648 0.951154 0.006482 -0.010114 -0.003533 0.999943
Uncertainty 0.610000 0.000001 -0.000000 0.000000 -0.000000 0.000001 -0.000000 0.000000 -0.000000 0.000001
True_Rotation 0.620000 0.950602 -0.310152 0.012720 0.310079 0.950682 0.007366 -0.014377 -0.003058 0.999892
Pred_Rotation 0.620000 0.951234 -0.308348 0.008718 0.308318 0.951272 0.004604 -0.009713 -0.001691 0.999951
Uncertainty 0.620000 0.000001 -0.000000 0.000000 -0.000000 0.000001 -0.000000 0.000000 -0.000000 0.000001
True_Rotation 0.630000 0.950704 -0.309828 0.012973 0.309780 0.950792 0.005627 -0.014078 -0.001331 0.999900
Pred_Rotation 0.630000 0.951322 -0.308068 0.008999 0.308051 0.951364 0.003170 -0.009538 -0.000244 0.999954
Uncertainty 0.630000 0.000001 -0.000000 0.000000 -0.000000 0.000001 -0.000000 0.000000 -0.000000 0.000001
True_Rotation 0.640000 0.950787 -0.309561 0.013277 0.309530 0.950880 0.004407 -0.013989 -0.000081 0.999902
Pred_Rotation 0.640000 0.951401 -0.307814 0.009319 0.307808 0.951446 0.002111 -0.009516 0.000860 0.999954
Uncertainty 0.640000 0.000001 -0.000000 0.000000 -0.000000 0.000001 -0.000000 0.000000 -0.000000 0.000001
True_Rotation 0.650000 0.950868 -0.309297 0.013611 0.309279 0.950965 0.003464 -0.014015 0.000916 0.999901
Pred_Rotation 0.650000 0.951486 -0.307540 0.009663 0.307542 0.951534 0.001263 -0.009583 0.001770 0.999953
Uncertainty 0.650000 0.000001 -0.000000 0.000000 -0.000000 0.000001 -0.000000 0.000000 -0.000000 0.000001
True_Rotation 0.660000 0.950956 -0.309013 0.013933 0.309006 0.951056 0.002746 -0.014100 0.001694 0.999899
Pred_Rotation 0.660000 0.951574 -0.307258 0.009945 0.307267 0.951623 0.000691 -0.009676 0.002398 0.999950
Uncertainty 0.660000 0.000001 -0.000000 0.000000 -0.000000 0.000001 -0.000000 0.000000 -0.000000 0.000001
True_Rotation 0.670000 0.951043 -0.308732 0.014217 0.308734 0.951146 0.002138 -0.014183 0.002356 0.999897
Pred_Rotation 0.670000 0.951659 -0.306984 0.010246 0.307001 0.951709 -0.000038 -0.009739 0.003182 0.999948
Uncertainty 0.670000 0.000001 -0.000000 0.000000 -0.000000 0.000001 -0.000000 0.000000 -0.000000 0.000001
True_Rotation 0.680000 0.951121 -0.308475 0.014544 0.308488 0.951227 0.001404 -0.014268 0.003151 0.999893
Pred_Rotation 0.680000 0.951728 -0.306758 0.010599 0.306782 0.951779 -0.000719 -0.009867 0.003936 0.999944
Uncertainty 0.680000 0.000001 -0.000000 0.000000 -0.000000 0.000001 -0.000000 0.000000 -0.000000 0.000001
True_Rotation 0.690000 0.951177 -0.308288 0.014869 0.308309 0.951286 0.000941 -0.014435 0.003689 0.999889
Pred_Rotation 0.690000 0.951770 -0.306621 0.010869 0.306648 0.951822 -0.000894 -0.010071 0.004184 0.999941
Uncertainty 0.690000 0.000001 -0.000000 0.000000 -0.000000 0.000001 -0.000000 0.000000 -0.000000 0.000001
True_Rotation 0.700000 0.951208 -0.308178 0.015153 0.308200 0.951321 0.000880 -0.014686 0.003833 0.999885
Pred_Rotation 0.700000 0.951796 -0.306527 0.011199 0.306556 0.951852 -0.000929 -0.010375 0.004317 0.999937
Uncertainty 0.700000 0.000001 -0.000000 0.000000 -0.000000 0.000001 -0.000000 0.000000 -0.000000 0.000001
True_Rotation 0.710000 0.951228 -0.308099 0.015515 0.308124 0.951346 0.000814 -0.015011 0.004006 0.999879
Pred_Rotation 0.710000 0.951812 -0.306465 0.011583 0.306497 0.951871 -0.001049 -0.010704 0.004549 0.999932
Uncertainty 0.710000 0.000001 -0.000000 0.000000 -0.000000 0.000001 -0.000000 0.000000 -0.000000 0.000001
True_Rotation 0.720000 0.951247 -0.308020 0.015926 0.308052 0.951369 0.000455 -0.015292 0.004474 0.999873
Pred_Rotation 0.720000 0.951840 -0.306359 0.012021 0.306400 0.951901 -0.001731 -0.010913 0.005331 0.999926
Uncertainty 0.720000 0.000001 -0.000000 0.000000 -0.000000 0.000001 -0.000000 0.000000 -0.000000 0.000001
True_Rotation 0.730000 0.951284 -0.307886 0.016295 0.307930 0.951409 -0.000256 -0.015425 0.005262 0.999867
Pred_Rotation 0.730000 0.951886 -0.306205 0.012274 0.306255 0.951947 -0.002331 -0.010970 0.005978 0.999922
Uncertainty 0.730000 0.000001 -0.000000 0.000000 -0.000000 0.000001 -0.000000 0.000000 -0.000000 0.000001
True_Rotation 0.740000 0.951337 -0.307710 0.016513 0.307766 0.951462 -0.000880 -0.015441 0.005919 0.999863
Pred_Rotation 0.740000 0.951945 -0.306015 0.012495 0.306073 0.952003 -0.003048 -0.010962 0.006726 0.999917
Uncertainty 0.740000 0.000001 -0.000000 0.000000 -0.000000 0.000001 -0.000000 0.000000 -0.000000 0.000001
True_Rotation 0.750000 0.951396 -0.307513 0.016767 0.307582 0.951520 -0.001657 -0.015445 0.006733 0.999858
Pred_Rotation 0.750000 0.952002 -0.305825 0.012790 0.305895 0.952057 -0.003866 -0.010994 0.007592 0.999911
Uncertainty 0.750000 0.000001 -0.000000 0.000000 -0.000000 0.000001 -0.000000 0.000000 -0.000000 0.000001
True_Rotation 0.760000 0.951456 -0.307308 0.017101 0.307393 0.951580 -0.002506 -0.015503 0.007641 0.999851
Pred_Rotation 0.760000 0.952068 -0.305603 0.013157 0.305685 0.952121 -0.004742 -0.011078 0.008536 0.999902
Uncertainty 0.760000 0.000001 -0.000000 0.000000 -0.000000 0.000001 -0.000000 0.000000 -0.000000 0.000001
True_Rotation 0.770000 0.951526 -0.307077 0.017361 0.307175 0.951648 -0.003221 -0.015532 0.008397 0.999844
Pred_Rotation 0.770000 0.952139 -0.305379 0.013240 0.305467 0.952188 -0.005212 -0.011015 0.009007 0.999899
Uncertainty 0.770000 0.000001 -0.000000 0.000000 -0.000000 0.000001 -0.000000 0.000000 -0.000000 0.000001
True_Rotation 0.780000 0.951596 -0.306867 0.017256 0.306966 0.951715 -0.003345 -0.015397 0.008480 0.999846
Pred_Rotation 0.780000 0.952204 -0.305187 0.012947 0.305270 0.952253 -0.004952 -0.010818 0.008668 0.999904
Uncertainty 0.780000 0.000001 -0.000000 0.000000 -0.000000 0.000001 -0.000000 0.000000 -0.000000 0.000001
True_Rotation 0.790000 0.951656 -0.306701 0.016869 0.306792 0.951772 -0.003007 -0.015133 0.008037 0.999853
Pred_Rotation 0.790000 0.952256 -0.305045 0.012512 0.305121 0.952302 -0.004680 -0.010487 0.008274 0.999911
Uncertainty 0.790000 0.000001 -0.000000 0.000000 -0.000000 0.000001 -0.000000 0.000000 -0.000000 0.000001
True_Rotation 0.800000 0.951709 -0.306565 0.016380 0.306648 0.951819 -0.002752 -0.014747 0.007642 0.999862
Pred_Rotation 0.800000 0.952308 -0.304903 0.011964 0.304972 0.952351 -0.004407 -0.010050 0.007845 0.999919
Uncertainty 0.800000 0.000001 -0.000000 0.000000 -0.000000 0.000001 -0.000000 0.000000 -0.000000 0.000001
True_Rotation 0.810000 0.951764 -0.306424 0.015789 0.306498 0.951868 -0.002465 -0.014273 0.007186 0.999872
Pred_Rotation 0.810000 0.952362 -0.304760 0.011339 0.304822 0.952401 -0.004108 -0.009548 0.007368 0.999927
Uncertainty 0.810000 0.000001 -0.000000 0.000000 -0.000000 0.000001 -0.000000 0.000000 -0.000000 0.000001
True_Rotation 0.820000 0.951820 -0.306280 0.015189 0.306347 0.951917 -0.002293 -0.013756 0.006836 0.999882
Pred_Rotation 0.820000 0.952417 -0.304608 0.010792 0.304666 0.952450 -0.004122 -0.009023 0.007214 0.999933
Uncertainty 0.820000 0.000001 -0.000000 0.000000 -0.000000 0.000001 -0.000000 0.000000 -0.000000 0.000001
True_Rotation 0.830000 0.951880 -0.306120 0.014671 0.306186 0.951969 -0.002416 -0.013227 0.006792 0.999889
Pred_Rotation 0.830000 0.952476 -0.304439 0.010291 0.304495 0.952504 -0.004309 -0.008490 0.007237 0.999938
Uncertainty 0.830000 0.000001 -0.000000 0.000000 -0.000000 0.000001 -0.000000 0.000000 -0.000000 0.000001
True_Rotation 0.840000 0.951949 -0.305924 0.014282 0.305993 0.952030 -0.002844 -0.012727 0.007077 0.999894
Pred_Rotation 0.840000 0.952552 -0.304211 0.010055 0.304271 0.952572 -0.005057 -0.008039 0.007876 0.999937
Uncertainty 0.840000 0.000001 -0.000000 0.000000 -0.000000 0.000001 -0.000000 0.000000 -0.000000 0.000001
True_Rotation 0.850000 0.952037 -0.305654 0.014192 0.305733 0.952110 -0.003712 -0.012378 0.007873 0.999892
Pred_Rotation 0.850000 0.952649 -0.303904 0.010102 0.303971 0.952663 -0.005945 -0.007817 0.008734 0.999931
Uncertainty 0.850000 0.000001 -0.000000 0.000000 -0.000000 0.000001 -0.000000 0.000000 -0.000000 0.000001
True_Rotation 0.860000 0.952144 -0.305314 0.014304 0.305404 0.952212 -0.004487 -0.012251 0.008641 0.999888
Pred_Rotation 0.860000 0.952763 -0.303543 0.010241 0.303616 0.952772 -0.006553 -0.007768 0.009353 0.999926
Uncertainty 0.860000 0.000001 -0.000000 0.000000 -0.000000 0.000001 -0.000000 0.000000 -0.000000 0.000001
True_Rotation 0.870000 0.952263 -0.304939 0.014404 0.305036 0.952327 -0.005028 -0.012184 0.009182 0.999884
Pred_Rotation 0.870000 0.952883 -0.303164 0.010267 0.303241 0.952887 -0.007076 -0.007638 0.009856 0.999922
Uncertainty 0.870000 0.000001 -0.000000 0.000000 -0.000000 0.000001 -0.000000 0.000000 -0.000000 0.000001
True_Rotation 0.880000 0.952386 -0.304557 0.014335 0.304659 0.952446 -0.005487 -0.011982 0.009593 0.999882
Pred_Rotation 0.880000 0.953006 -0.302783 0.010095 0.302862 0.953005 -0.007447 -0.007366 0.010155 0.999921
Uncertainty 0.880000 0.000001 -0.000000 0.000000 -0.000000 0.000001 -0.000000 0.000000 -0.000000 0.000001
True_Rotation 0.890000 0.952504 -0.304199 0.014103 0.304300 0.952559 -0.005705 -0.011699 0.009726 0.999884
Pred_Rotation 0.890000 0.953109 -0.302468 0.009824 0.302544 0.953106 -0.007483 -0.007100 0.010104 0.999924
Uncertainty 0.890000 0.000001 -0.000000 0.000000 -0.000000 0.000001 -0.000000 0.000000 -0.000000 0.000001
True_Rotation 0.900000 0.952588 -0.303949 0.013816 0.304047 0.952641 -0.005565 -0.011471 0.009502 0.999889
Pred_Rotation 0.900000 0.953168 -0.302290 0.009532 0.302361 0.953166 -0.007172 -0.006918 0.009718 0.999929
Uncertainty 0.900000 0.000001 -0.000000 0.000000 -0.000000 0.000001 -0.000000 0.000000 -0.000000 0.000001
True_Rotation 0.910000 0.952634 -0.303817 0.013579 0.303908 0.952687 -0.005204 -0.011355 0.009085 0.999894
Pred_Rotation 0.910000 0.953207 -0.302173 0.009377 0.302240 0.953207 -0.006816 -0.006879 0.009331 0.999933
Uncertainty 0.910000 0.000001 -0.000000 0.000000 -0.000000 0.000001 -0.000000 0.000000 -0.000000 0.000001
True_Rotation 0.920000 0.952675 -0.303694 0.013470 0.303780 0.952730 -0.004836 -0.011365 0.008699 0.999898
Pred_Rotation 0.920000 0.953252 -0.302032 0.009297 0.302096 0.953256 -0.006423 -0.006923 0.008931 0.999936
Uncertainty 0.920000 0.000001 -0.000000 0.000000 -0.000000 0.000001 -0.000000 0.000000 -0.000000 0.000001
True_Rotation 0.930000 0.952724 -0.303542 0.013382 0.303624 0.952781 -0.004504 -0.011383 0.008354 0.999900
Pred_Rotation 0.930000 0.953305 -0.301870 0.009185 0.301931 0.953310 -0.006192 -0.006888 0.008676 0.999939
Uncertainty 0.930000 0.000001 -0.000000 0.000000 -0.000000 0.000001 -0.000000 0.000000 -0.000000 0.000001
True_Rotation 0.940000 0.952781 -0.303370 0.013250 0.303448 0.952838 -0.004277 -0.011327 0.008095 0.999903
Pred_Rotation 0.940000 0.953365 -0.301685 0.009037 0.301743 0.953371 -0.005921 -0.006829 0.008372 0.999942
Uncertainty 0.940000 0.000001 -0.000000 0.000000 -0.000000 0.000001 -0.000000 0.000000 -0.000000 0.000001
True_Rotation 0.950000 0.952846 -0.303171 0.013139 0.303245 0.952904 -0.004007 -0.011305 0.007803 0.999906
Pred_Rotation 0.950000 0.953434 -0.301468 0.008991 0.301524 0.953442 -0.005675 -0.006862 0.008122 0.999943
Uncertainty 0.950000 0.000001 -0.000000 0.000000 -0.000000 0.000001 -0.000000 0.000000 -0.000000 0.000001
True_Rotation 0.960000 0.952923 -0.302925 0.013197 0.302999 0.952983 -0.003959 -0.011377 0.007771 0.999905
Pred_Rotation 0.960000 0.953522 -0.301185 0.009167 0.301244 0.953529 -0.005903 -0.006963 0.008390 0.999941
Uncertainty 0.960000 0.000001 -0.000000 0.000000 -0.000000 0.000001 -0.000000 0.000000 -0.000000 0.000001
True_Rotation 0.970000 0.953019 -0.302613 0.013430 0.302692 0.953079 -0.004243 -0.011516 0.008109 0.999901
Pred_Rotation 0.970000 0.953624 -0.300852 0.009427 0.300915 0.953631 -0.006136 -0.007143 0.008688 0.999937
Uncertainty 0.970000 0.000001 -0.000000 0.000000 -0.000000 0.000001 -0.000000 0.000000 -0.000000 0.000001
True_Rotation 0.980000 0.953123 -0.302272 0.013725 0.302354 0.953186 -0.004355 -0.011766 0.008300 0.999896
Pred_Rotation 0.980000 0.953728 -0.300511 0.009764 0.300577 0.953738 -0.006102 -0.007479 0.008754 0.999934
Uncertainty 0.980000 0.000001 -0.000000 0.000000 -0.000000 0.000001 -0.000000 0.000000 -0.000000 0.000001
True_Rotation 0.990000 0.953222 -0.301944 0.014068 0.302027 0.953291 -0.004131 -0.012164 0.008187 0.999893
Pred_Rotation 0.990000 0.953823 -0.300199 0.010095 0.300264 0.953839 -0.005674 -0.007926 0.008443 0.999933
Uncertainty 0.990000 0.000001 -0.000000 0.000000 -0.000000 0.000001 -0.000000 0.000000 -0.000000 0.000001
True_Rotation 1.000000 0.953315 -0.301636 0.014371 0.301713 0.953392 -0.003479 -0.012652 0.007653 0.999891
Pred_Rotation 1.000000 0.953919 -0.299885 0.010369 0.299945 0.953944 -0.004795 -0.008453 0.007684 0.999935
Uncertainty 1.000000 0.000001 -0.000000 0.000000 -0.000000 0.000001 -0.000000 0.000000 -0.000000 0.000001
True_Rotation 1.010000 0.953415 -0.301308 0.014593 0.301375 0.953502 -0.002567 -0.013141 0.006846 0.999890
Pred_Rotation 1.010000 0.954029 -0.299530 0.010531 0.299584 0.954062 -0.003943 -0.008866 0.006916 0.999937
Uncertainty 1.010000 0.000001 -0.000000 0.000000 -0.000000 0.000001 -0.000000 0.000000 -0.000000 0.000001
True_Rotation 1.020000 0.953535 -0.300922 0.014737 0.300981 0.953628 -0.001920 -0.013476 0.006266 0.999890
Pred_Rotation 1.020000 0.954161 -0.299103 0.010680 0.299155 0.954198 -0.003560 -0.009126 0.006592 0.999937
Uncertainty 1.020000 0.000001 -0.000000 0.000000 -0.000000 0.000001 -0.000000 0.000000 -0.000000 0.000001
True_Rotation 1.030000 0.953670 -0.300492 0.014780 0.300546 0.953766 -0.001564 -0.013626 0.005934 0.999890
Pred_Rotation 1.030000 0.954294 -0.298684 0.010565 0.298730 0.954332 -0.003118 -0.009151 0.006132 0.999939
Uncertainty 1.030000 0.000001 -0.000000 0.000000 -0.000000 0.000001 -0.000000 0.000000 -0.000000 0.000001
True_Rotation 1.040000 0.953797 -0.300099 0.014548 0.300145 0.953893 -0.001102 -0.013546 0.005417 0.999894
Pred_Rotation 1.040000 0.954412 -0.298316 0.010240 0.298357 0.954451 -0.002672 -0.008977 0.005606 0.999944
Uncertainty 1.040000 0.000001 -0.000000 0.000000 -0.000000 0.000001 -0.000000 0.000000 -0.000000 0.000001
True_Rotation 1.050000 0.953908 -0.299765 0.014188 0.299806 0.954000 -0.000814 -0.013291 0.005030 0.999899
Pred_Rotation 1.050000 0.954510 -0.298014 0.009873 0.298052 0.954546 -0.002603 -0.008648 0.005427 0.999948
Uncertainty 1.050000 0.000001 -0.000000 0.000000 -0.000000 0.000001 -0.000000 0.000000 -0.000000 0.000001
True_Rotation 1.060000 0.953998 -0.299493 0.013867 0.299535 0.954085 -0.000976 -0.012938 0.005085 0.999903
Pred_Rotation 1.060000 0.954589 -0.297772 0.009623 0.297812 0.954620 -0.002995 -0.008294 0.005725 0.999949
Uncertainty 1.060000 0.000001 -0.000000 0.000000 -0.000000 0.000001 -0.000000 0.000000 -0.000000 0.000001
True_Rotation 1.070000 0.954072 -0.299266 0.013634 0.299311 0.954155 -0.001356 -0.012603 0.005375 0.999906
Pred_Rotation 1.070000 0.954658 -0.297556 0.009378 0.297597 0.954686 -0.003248 -0.007987 0.005892 0.999951
Uncertainty 1.070000 0.000001 -0.000000 0.000000 -0.000000 0.000001 -0.000000 0.000000 -0.000000 0.000001
True_Rotation 1.080000 0.954146 -0.299043 0.013391 0.299091 0.954223 -0.001672 -0.012278 0.005600 0.999909
Pred_Rotation 1.080000 0.954734 -0.297319 0.009142 0.297362 0.954758 -0.003721 -0.007622 0.006271 0.999951
Uncertainty 1.080000 0.000001 -0.000000 0.000000 -0.000000 0.000001 -0.000000 0.000000 -0.000000 0.000001
True_Rotation 1.090000 0.954224 -0.298800 0.013194 0.298853 0.954297 -0.002182 -0.011939 0.006025 0.999911
Pred_Rotation 1.090000 0.954810 -0.297080 0.008997 0.297126 0.954829 -0.004204 -0.007341 0.006687 0.999951
Uncertainty 1.090000 0.000001 -0.000000 0.000000 -0.000000 0.000001 -0.000000 0.000000 -0.000000 0.000001
True_Rotation 1.100000 0.954296 -0.298576 0.013133 0.298634 0.954364 -0.002659 -0.011740 0.006460 0.999910
Pred_Rotation 1.100000 0.954872 -0.296880 0.009033 0.296929 0.954888 -0.004688 -0.007233 0.007159 0.999948
Uncertainty 1.100000 0.000001 -0.000000 0.000000 -0.000000 0.000001 -0.000000 0.000000 -0.000000 0.000001
True_Rotation 1.110000 0.954352 -0.298393 0.013213 0.298456 0.954418 -0.003084 -0.011690 0.006887 0.999908
Pred_Rotation 1.110000 0.954924 -0.296708 0.009128 0.296761 0.954939 -0.005024 -0.007226 0.007506 0.999946
Uncertainty 1.110000 0.000001 -0.000000 0.000000 -0.000000 0.000001 -0.000000 0.000000 -0.000000 0.000001
True_Rotation 1.120000 0.954409 -0.298206 0.013323 0.298273 0.954475 -0.003336 -0.011722 0.007158 0.999906
Pred_Rotation 1.120000 0.954990 -0.296495 0.009254 0.296549 0.955003 -0.005197 -0.007296 0.007707 0.999944
Uncertainty 1.120000 0.000001 -0.000000 0.000000 -0.000000 0.000001 -0.000000 0.000000 -0.000000 0.000001
True_Rotation 1.130000 0.954482 -0.297967 0.013440 0.298037 0.954548 -0.003501 -0.011786 0.007348 0.999904
Pred_Rotation 1.130000 0.955071 -0.296230 0.009350 0.296287 0.955084 -0.005388 -0.007334 0.007917 0.999942
Uncertainty 1.130000 0.000001 -0.000000 0.000000 -0.000000 0.000001 -0.000000 0.000000 -0.000000 0.000001
True_Rotation 1.140000 0.954565 -0.297700 0.013427 0.297771 0.954631 -0.003565 -0.011757 0.007401 0.999904
Pred_Rotation 1.140000 0.955153 -0.295969 0.009186 0.296024 0.955166 -0.005253 -0.007220 0.007737 0.999944
Uncertainty 1.140000 0.000001 -0.000000 0.000000 -0.000000 0.000001 -0.000000 0.000000 -0.000000 0.000001
True_Rotation 1.150000 0.954645 -0.297453 0.013240 0.297522 0.954709 -0.003479 -0.011606 0.007260 0.999906
Pred_Rotation 1.150000 0.955227 -0.295735 0.009039 0.295789 0.955238 -0.005334 -0.007057 0.007769 0.999945
Uncertainty 1.150000 0.000001 -0.000000 0.000000 -0.000000 0.000001 -0.000000 0.000000 -0.000000 0.000001
True_Rotation 1.160000 0.954719 -0.297222 0.013054 0.297290 0.954781 -0.003591 -0.011397 0.007309 0.999908
Pred_Rotation 1.160000 0.955304 -0.295493 0.008773 0.295546 0.955313 -0.005406 -0.006784 0.007758 0.999947
Uncertainty 1.160000 0.000001 -0.000000 0.000000 -0.000000 0.000001 -0.000000 0.000000 -0.000000 0.000001
True_Rotation 1.170000 0.954806 -0.296960 0.012659 0.297024 0.954864 -0.003488 -0.011052 0.007091 0.999914
Pred_Rotation 1.170000 0.955397 -0.295210 0.008230 0.295256 0.955405 -0.005073 -0.006365 0.007277 0.999953
Uncertainty 1.170000 0.000001 -0.000000 0.000000 -0.000000 0.000001 -0.000000 0.000000 -0.000000 0.000001
True_Rotation 1.180000 0.954904 -0.296670 0.012018 0.296724 0.954959 -0.002974 -0.010594 0.006406 0.999923
Pred_Rotation 1.180000 0.955498 -0.294903 0.007518 0.294940 0.955506 -0.004400 -0.005886 0.006422 0.999962
Uncertainty 1.180000 0.000001 -0.000000 0.000000 -0.000000 0.000001 -0.000000 0.000000 -0.000000 0.000001
True_Rotation 1.190000 0.955016 -0.296337 0.011373 0.296382 0.955066 -0.002475 -0.010128 0.005735 0.999932
Pred_Rotation 1.190000 0.955616 -0.294533 0.007005 0.294566 0.955622 -0.004224 -0.005450 0.006100 0.999967
Uncertainty 1.190000 0.000001 -0.000000 0.000000 -0.000000 0.000001 -0.000000 0.000000 -0.000000 0.000001
True_Rotation 1.200000 0.955135 -0.295971 0.010905 0.296012 0.955181 -0.002321 -0.009730 0.005445 0.999938
Pred_Rotation 1.200000 0.955730 -0.294173 0.006540 0.294202 0.955735 -0.003942 -0.005090 0.005692 0.999971
Uncertainty 1.200000 0.000001 -0.000000 0.000000 -0.000000 0.000001 -0.000000 0.000000 -0.000000 0.000001
True_Rotation 1.210000 0.955171 -0.295876 0.010320 0.295910 0.955214 -0.001854 -0.009309 0.004824 0.999945
Pred_Rotation 1.210000 0.955649 -0.294450 0.005781 0.294471 0.955655 -0.003271 -0.004561 0.004828 0.999978
Uncertainty 1.210000 0.000001 -0.000000 0.000000 -0.000000 0.000001 -0.000000 0.000000 -0.000000 0.000001
True_Rotation 1.220000 0.954917 -0.296728 0.009297 0.296749 0.954955 -0.000945 -0.008597 0.003661 0.999956
Pred_Rotation 1.220000 0.955189 -0.295964 0.004456 0.295975 0.955193 -0.002109 -0.003632 0.003334 0.999988
Uncertainty 1.220000 0.000001 -0.000000 0.000000 -0.000000 0.000001 -0.000000 0.000000 -0.000000 0.000001
True_Rotation 1.230000 0.954225 -0.298988 0.007737 0.298994 0.954255 0.000353 -0.007489 0.001976 0.999970
Pred_Rotation 1.230000 0.954251 -0.298995 0.002701 0.298998 0.954254 -0.000724 -0.002360 0.001499 0.999996
Uncertainty 1.230000 0.000001 -0.000000 0.000000 -0.000000 0.000001 -0.000000 0.000000 -0.000000 0.000001
True_Rotation 1.240000 0.953044 -0.302779 0.005653 0.302773 0.953061 0.002009 -0.005996 -0.000203 0.999982
Pred_Rotation 1.240000 0.952826 -0.303517 0.000228 0.303517 0.952825 0.001297 -0.000611 -0.001166 0.999999
Uncertainty 1.240000 0.000001 -0.000000 0.000000 -0.000000 0.000001 -0.000000 0.000000 -0.000000 0.000001
True_Rotation 1.250000 0.951385 -0.307990 0.002759 0.307977 0.951383 0.004450 -0.003995 -0.003384 0.999986
Pred_Rotation 1.250000 0.950938 -0.309366 -0.003087 0.309377 0.950930 0.004186 0.001641 -0.004936 0.999986
