True_Rotation 0.010000 0.929253 -0.348842 -0.121647 0.368982 0.859877 0.352794 -0.018468 -0.372720 0.927760
Pred_Rotation 0.010000 0.930501 -0.343652 -0.126767 0.366129 0.862439 0.349498 -0.010777 -0.371622 0.928322
Uncertainty 0.010000 0.000000 -0.000000 0.000000 -0.000000 0.000000 -0.000000 0.000000 -0.000000 0.000000
True_Rotation 0.020000 0.930451 -0.344168 -0.125737 0.366232 0.862598 0.348998 -0.011654 -0.370774 0.928650
Pred_Rotation 0.020000 0.931618 -0.339486 -0.129757 0.363405 0.865271 0.345317 -0.004955 -0.368858 0.929473
Uncertainty 0.020000 0.000000 -0.000000 -0.000000 -0.000000 0.000000 -0.000000 -0.000000 -0.000000 0.000000
True_Rotation 0.030000 0.931582 -0.340419 -0.127558 0.363470 0.865681 0.344217 -0.006754 -0.367030 0.930185
Pred_Rotation 0.030000 0.932732 -0.336152 -0.130433 0.360569 0.868633 0.339803 -0.000927 -0.363976 0.931408
Uncertainty 0.030000 0.000000 -0.000000 -0.000000 -0.000000 0.000000 -0.000000 -0.000000 -0.000000 0.000000
True_Rotation 0.040000 0.932735 -0.337336 -0.127321 0.360548 0.869284 0.338158 -0.003395 -0.361317 0.932437
Pred_Rotation 0.040000 0.933896 -0.333316 -0.129380 0.357541 0.872442 0.333181 0.001822 -0.357415 0.933944
Uncertainty 0.040000 0.000000 -0.000000 -0.000000 -0.000000 0.000000 -0.000000 -0.000000 -0.000000 0.000000
True_Rotation 0.050000 0.933963 -0.334697 -0.125261 0.357367 0.873451 0.330715 -0.001280 -0.353639 0.935381
Pred_Rotation 0.050000 0.935176 -0.330932 -0.126214 0.354169 0.876995 0.324723 0.003228 -0.348374 0.937350
Uncertainty 0.050000 0.000000 -0.000000 0.000000 -0.000000 0.000000 -0.000000 0.000000 -0.000000 0.000000
True_Rotation 0.060000 0.935339 -0.332471 -0.120847 0.353752 0.878499 0.321090 -0.000589 -0.343078 0.939307
Pred_Rotation 0.060000 0.936640 -0.328913 -0.120505 0.350279 0.882513 0.313808 0.003131 -0.336136 0.941808
Uncertainty 0.060000 0.000000 -0.000000 0.000000 -0.000000 0.000000 -0.000000 0.000000 -0.000000 0.000000
True_Rotation 0.070000 0.936896 -0.330621 -0.113645 0.349604 0.884620 0.308584 -0.001492 -0.328842 0.944384
Pred_Rotation 0.070000 0.938278 -0.327326 -0.111771 0.345881 0.889182 0.299537 0.001338 -0.319708 0.947515
Uncertainty 0.070000 0.000000 -0.000000 0.000000 -0.000000 0.000000 -0.000000 0.000000 -0.000000 0.000000
True_Rotation 0.080000 0.938594 -0.329197 -0.103300 0.344998 0.891802 0.292687 -0.004228 -0.310353 0.950612
Pred_Rotation 0.080000 0.940027 -0.326151 -0.099874 0.341092 0.896713 0.282068 -0.002438 -0.299217 0.954182
Uncertainty 0.080000 0.000000 -0.000000 0.000000 -0.000000 0.000000 -0.000000 0.000000 -0.000000 0.000000
True_Rotation 0.090000 0.940175 -0.328324 -0.090962 0.340586 0.899112 0.274952 -0.008488 -0.289484 0.957145
Pred_Rotation 0.090000 0.941356 -0.325648 -0.088325 0.337348 0.903196 0.265392 -0.006649 -0.279624 0.960086
Uncertainty 0.090000 0.000000 -0.000000 0.000000 -0.000000 0.000000 -0.000000 0.000000 -0.000000 0.000000
True_Rotation 0.100000 0.941398 -0.327613 -0.080247 0.337065 0.904905 0.259872 -0.012522 -0.271691 0.962303
Pred_Rotation 0.100000 0.942488 -0.324841 -0.078703 0.334075 0.908175 0.252213 -0.010453 -0.264001 0.964466
Uncertainty 0.100000 0.000000 -0.000000 0.000000 -0.000000 0.000000 -0.000000 0.000000 -0.000000 0.000000
True_Rotation 0.110000 0.942434 -0.326664 -0.071478 0.333997 0.909162 0.248738 -0.016269 -0.258293 0.965930
Pred_Rotation 0.110000 0.943452 -0.323888 -0.070669 0.331201 0.911746 0.242950 -0.014256 -0.252617 0.967461
Uncertainty 0.110000 0.000000 -0.000000 0.000000 -0.000000 0.000000 -0.000000 0.000000 -0.000000 0.000000
True_Rotation 0.120000 0.943316 -0.325658 -0.064042 0.331293 0.912278 0.240819 -0.020001 -0.248385 0.968455
Pred_Rotation 0.120000 0.944276 -0.322921 -0.063759 0.328670 0.914511 0.235893 -0.017866 -0.243704 0.969685
Uncertainty 0.120000 0.000000 -0.000000 0.000000 -0.000000 0.000000 -0.000000 0.000000 -0.000000 0.000000
True_Rotation 0.130000 0.944061 -0.324703 -0.057587 0.328951 0.914945 0.233809 -0.023230 -0.239673 0.970576
Pred_Rotation 0.130000 0.944956 -0.322073 -0.057674 0.326540 0.917130 0.228570 -0.020722 -0.234821 0.971818
Uncertainty 0.130000 0.000000 -0.000000 0.000000 -0.000000 0.000000 -0.000000 0.000000 -0.000000 0.000000
True_Rotation 0.140000 0.944673 -0.323876 -0.051933 0.327017 0.917594 0.226012 -0.025546 -0.230491 0.972739
Pred_Rotation 0.140000 0.945514 -0.321333 -0.052431 0.324804 0.919813 0.220104 -0.022500 -0.225142 0.974066
Uncertainty 0.140000 0.000000 -0.000000 0.000000 -0.000000 0.000000 -0.000000 0.000000 -0.000000 0.000000
True_Rotation 0.150000 0.945195 -0.323077 -0.047192 0.325402 0.920231 0.217459 -0.026829 -0.220897 0.974928
Pred_Rotation 0.150000 0.946011 -0.320534 -0.048173 0.323289 0.922345 0.211577 -0.023386 -0.215728 0.976173
Uncertainty 0.150000 0.000000 -0.000000 0.000000 -0.000000 0.000000 -0.000000 0.000000 -0.000000 0.000000
True_Rotation 0.160000 0.945670 -0.322209 -0.043478 0.323980 0.922635 0.209241 -0.027305 -0.211959 0.976897
Pred_Rotation 0.160000 0.946459 -0.319680 -0.044954 0.321966 0.924588 0.203655 -0.023541 -0.207225 0.978010
Uncertainty 0.160000 0.000000 -0.000000 0.000000 -0.000000 0.000000 -0.000000 0.000000 -0.000000 0.000000
True_Rotation 0.170000 0.946105 -0.321299 -0.040644 0.322719 0.924791 0.201530 -0.027165 -0.203785 0.978639
Pred_Rotation 0.170000 0.946879 -0.318786 -0.042378 0.320752 0.926661 0.196004 -0.023214 -0.199185 0.979687
Uncertainty 0.170000 0.000000 -0.000000 0.000000 -0.000000 0.000000 -0.000000 0.000000 -0.000000 0.000000
True_Rotation 0.180000 0.946517 -0.320373 -0.038297 0.321549 0.926790 0.194078 -0.026684 -0.196012 0.980238
Pred_Rotation 0.180000 0.947306 -0.317784 -0.040300 0.319528 0.928538 0.188996 -0.022640 -0.191914 0.981151
Uncertainty 0.180000 0.000000 -0.000000 0.000000 -0.000000 0.000000 -0.000000 0.000000 -0.000000 0.000000
True_Rotation 0.190000 0.946929 -0.319386 -0.036306 0.320394 0.928685 0.186794 -0.025942 -0.188513 0.981728
Pred_Rotation 0.190000 0.947693 -0.316849 -0.038521 0.318449 0.930431 0.181352 -0.021620 -0.184133 0.982664
Uncertainty 0.190000 0.000000 -0.000000 0.000000 -0.000000 0.000000 -0.000000 0.000000 -0.000000 0.000000
True_Rotation 0.200000 0.947313 -0.318391 -0.035015 0.319379 0.930562 0.179030 -0.024418 -0.180780 0.983220
Pred_Rotation 0.200000 0.948059 -0.315852 -0.037709 0.317488 0.932258 0.173481 -0.019640 -0.176443 0.984115
Uncertainty 0.200000 0.000000 -0.000000 0.000000 -0.000000 0.000000 -0.000000 0.000000 -0.000000 0.000000
True_Rotation 0.210000 0.947672 -0.317340 -0.034826 0.318503 0.932395 0.170865 -0.021751 -0.173016 0.984679
Pred_Rotation 0.210000 0.948387 -0.314828 -0.038010 0.316690 0.934095 0.164844 -0.016392 -0.168374 0.985587
Uncertainty 0.210000 0.000000 -0.000000 0.000000 -0.000000 0.000000 -0.000000 0.000000 -0.000000 0.000000
True_Rotation 0.220000 0.947895 -0.316617 -0.035350 0.318035 0.933906 0.163318 -0.018695 -0.166051 0.985940
Pred_Rotation 0.220000 0.948578 -0.314191 -0.038515 0.316258 0.935526 0.157389 -0.013419 -0.161476 0.986785
Uncertainty 0.220000 0.000000 -0.000000 0.000000 -0.000000 0.000000 -0.000000 0.000000 -0.000000 0.000000
True_Rotation 0.230000 0.948085 -0.316008 -0.035687 0.317624 0.935361 0.155608 -0.015793 -0.158865 0.987174
Pred_Rotation 0.230000 0.948747 -0.313701 -0.038343 0.315847 0.936988 0.149311 -0.010912 -0.153769 0.988047
Uncertainty 0.230000 0.000000 -0.000000 0.000000 -0.000000 0.000000 -0.000000 0.000000 -0.000000 0.000000
True_Rotation 0.240000 0.948237 -0.315615 -0.035128 0.317271 0.936799 0.147467 -0.013635 -0.150979 0.988443
Pred_Rotation 0.240000 0.948859 -0.313502 -0.037182 0.315559 0.938322 0.141330 -0.009418 -0.145835 0.989264
Uncertainty 0.240000 0.000000 -0.000000 0.000000 -0.000000 0.000000 -0.000000 0.000000 -0.000000 0.000000
True_Rotation 0.250000 0.948336 -0.315520 -0.033239 0.317010 0.938145 0.139242 -0.012751 -0.142586 0.989700
Pred_Rotation 0.250000 0.948943 -0.313574 -0.034325 0.315306 0.939639 0.132892 -0.009419 -0.136930 0.990536
Uncertainty 0.250000 0.000000 -0.000000 0.000000 -0.000000 0.000000 -0.000000 0.000000 -0.000000 0.000000
True_Rotation 0.260000 0.948386 -0.315686 -0.030101 0.316848 0.939384 0.131013 -0.013082 -0.133789 0.990924
Pred_Rotation 0.260000 0.948945 -0.313910 -0.031035 0.315278 0.940693 0.125290 -0.010135 -0.128678 0.991635
Uncertainty 0.260000 0.000000 -0.000000 0.000000 -0.000000 0.000000 -0.000000 0.000000 -0.000000 0.000000
True_Rotation 0.270000 0.948332 -0.316148 -0.026779 0.316974 0.940325 0.123756 -0.013944 -0.125850 0.991951
Pred_Rotation 0.270000 0.948836 -0.314564 -0.027547 0.315566 0.941489 0.118391 -0.011307 -0.121027 0.992585
Uncertainty 0.270000 0.000000 -0.000000 0.000000 -0.000000 0.000000 -0.000000 0.000000 -0.000000 0.000000
True_Rotation 0.280000 0.948180 -0.316897 -0.023051 0.317366 0.941091 0.116731 -0.015298 -0.117997 0.992896
Pred_Rotation 0.280000 0.948656 -0.315438 -0.023462 0.316043 0.942202 0.111234 -0.012981 -0.112937 0.993517
Uncertainty 0.280000 0.000000 -0.000000 0.000000 -0.000000 0.000000 -0.000000 0.000000 -0.000000 0.000000
True_Rotation 0.290000 0.947978 -0.317780 -0.018820 0.317879 0.941793 0.109450 -0.017057 -0.109739 0.993814
Pred_Rotation 0.290000 0.948451 -0.316349 -0.019077 0.316574 0.942856 0.103937 -0.014893 -0.104619 0.994401
Uncertainty 0.290000 0.000000 -0.000000 0.000000 -0.000000 0.000000 -0.000000 0.000000 -0.000000 0.000000
True_Rotation 0.300000 0.947769 -0.318620 -0.014652 0.318397 0.942391 0.102581 -0.018876 -0.101888 0.994617
Pred_Rotation 0.300000 0.948257 -0.317141 -0.015195 0.317068 0.943355 0.097718 -0.016656 -0.097479 0.995098
Uncertainty 0.300000 0.000000 -0.000000 0.000000 -0.000000 0.000000 -0.000000 0.000000 -0.000000 0.000000
True_Rotation 0.310000 0.947599 -0.319275 -0.010904 0.318794 0.942864 0.096840 -0.020638 -0.095242 0.995240
Pred_Rotation 0.310000 0.948139 -0.317657 -0.011293 0.317311 0.943827 0.092219 -0.018635 -0.091020 0.995675
Uncertainty 0.310000 0.000000 -0.000000 0.000000 -0.000000 0.000000 -0.000000 0.000000 -0.000000 0.000000
True_Rotation 0.320000 0.947537 -0.319579 -0.006516 0.318823 0.943442 0.090935 -0.022913 -0.088242 0.995835
Pred_Rotation 0.320000 0.948147 -0.317768 -0.006407 0.317124 0.944498 0.085772 -0.021205 -0.083356 0.996294
Uncertainty 0.320000 0.000000 -0.000000 0.000000 -0.000000 0.000000 -0.000000 0.000000 -0.000000 0.000000
True_Rotation 0.330000 0.947568 -0.319551 -0.001400 0.318526 0.944159 0.084284 -0.025611 -0.080311 0.996441
Pred_Rotation 0.330000 0.948150 -0.317817 -0.001910 0.316948 0.945078 0.079819 -0.023563 -0.076286 0.996808
Uncertainty 0.330000 0.000000 -0.000000 0.000000 -0.000000 0.000000 -0.000000 0.000000 -0.000000 0.000000
True_Rotation 0.340000 0.947590 -0.319481 0.002197 0.318316 0.944680 0.079091 -0.027343 -0.074246 0.996865
Pred_Rotation 0.340000 0.948196 -0.317685 0.000758 0.316728 0.945521 0.075320 -0.024645 -0.071178 0.997159
Uncertainty 0.340000 0.000000 -0.000000 0.000000 -0.000000 0.000000 -0.000000 0.000000 -0.000000 0.000000
True_Rotation 0.350000 0.947663 -0.319243 0.004192 0.318054 0.945116 0.074809 -0.027845 -0.069560 0.997189
Pred_Rotation 0.350000 0.948270 -0.317456 0.002333 0.316498 0.945931 0.071018 -0.024752 -0.066606 0.997472
Uncertainty 0.350000 0.000000 -0.000000 0.000000 -0.000000 0.000000 -0.000000 0.000000 -0.000000 0.000000
True_Rotation 0.360000 0.947751 -0.318970 0.005185 0.317838 0.945530 0.070373 -0.027349 -0.065048 0.997507
Pred_Rotation 0.360000 0.948367 -0.317161 0.002977 0.316277 0.946347 0.066312 -0.023849 -0.061946 0.997794
Uncertainty 0.360000 0.000000 -0.000000 0.000000 -0.000000 0.000000 -0.000000 0.000000 -0.000000 0.000000
True_Rotation 0.370000 0.947862 -0.318638 0.005273 0.317623 0.945932 0.065796 -0.025953 -0.060690 0.997819
Pred_Rotation 0.370000 0.948497 -0.316775 0.002611 0.316012 0.946724 0.062044 -0.022126 -0.058024 0.998070
Uncertainty 0.370000 0.000000 -0.000000 0.000000 -0.000000 0.000000 -0.000000 0.000000 -0.000000 0.000000
True_Rotation 0.380000 0.947979 -0.318300 0.004646 0.317420 0.946262 0.061909 -0.024102 -0.057214 0.998071
Pred_Rotation 0.380000 0.948581 -0.316530 0.001845 0.315885 0.946989 0.058546 -0.020279 -0.054952 0.998283
Uncertainty 0.380000 0.000000 -0.000000 0.000000 -0.000000 0.000000 -0.000000 0.000000 -0.000000 0.000000
True_Rotation 0.390000 0.948041 -0.318130 0.003542 0.317386 0.946478 0.058695 -0.022025 -0.054521 0.998270
Pred_Rotation 0.390000 0.948604 -0.316466 0.000637 0.315945 0.947154 0.055474 -0.018159 -0.052422 0.998460
Uncertainty 0.390000 0.000000 -0.000000 0.000000 -0.000000 0.000000 -0.000000 0.000000 -0.000000 0.000000
True_Rotation 0.400000 0.947912 -0.318524 0.002167 0.317900 0.946440 0.056484 -0.020042 -0.052853 0.998401
Pred_Rotation 0.400000 0.948387 -0.317115 -0.000575 0.316688 0.947012 0.053641 -0.016465 -0.051055 0.998560
Uncertainty 0.400000 0.000000 -0.000000 0.000000 -0.000000 0.000000 -0.000000 0.000000 -0.000000 0.000000
True_Rotation 0.410000 0.947714 -0.319119 0.001081 0.318592 0.946330 0.054389 -0.018380 -0.051200 0.998519
Pred_Rotation 0.410000 0.948209 -0.317646 -0.001235 0.317290 0.946949 0.051137 -0.015074 -0.048881 0.998691
Uncertainty 0.410000 0.000000 -0.000000 0.000000 -0.000000 0.000000 -0.000000 0.000000 -0.000000 0.000000
True_Rotation 0.420000 0.947571 -0.319544 0.000629 0.319088 0.946321 0.051570 -0.017074 -0.048666 0.998669
Pred_Rotation 0.420000 0.948099 -0.317974 -0.001295 0.317667 0.946987 0.047990 -0.014033 -0.045911 0.998847
Uncertainty 0.420000 0.000000 -0.000000 0.000000 -0.000000 0.000000 -0.000000 0.000000 -0.000000 0.000000
True_Rotation 0.430000 0.947510 -0.319724 0.000740 0.319319 0.946420 0.048221 -0.016118 -0.045453 0.998836
Pred_Rotation 0.430000 0.948086 -0.318012 -0.000842 0.317734 0.947138 0.044437 -0.013334 -0.042398 0.999012
Uncertainty 0.430000 0.000000 -0.000000 0.000000 -0.000000 0.000000 -0.000000 0.000000 -0.000000 0.000000
True_Rotation 0.440000 0.947547 -0.319614 0.001385 0.319241 0.946633 0.044398 -0.015501 -0.041627 0.999013
Pred_Rotation 0.440000 0.948164 -0.317780 0.000168 0.317516 0.947397 0.040268 -0.012955 -0.038127 0.999189
Uncertainty 0.440000 0.000000 -0.000000 0.000000 -0.000000 0.000000 -0.000000 0.000000 -0.000000 0.000000
True_Rotation 0.450000 0.947658 -0.319279 0.002516 0.318928 0.946932 0.040074 -0.015178 -0.037174 0.999194
Pred_Rotation 0.450000 0.948294 -0.317390 0.001520 0.317134 0.947703 0.035836 -0.012814 -0.033501 0.999357
Uncertainty 0.450000 0.000000 -0.000000 0.000000 -0.000000 0.000000 -0.000000 0.000000 -0.000000 0.000000
True_Rotation 0.460000 0.947801 -0.318840 0.003859 0.318508 0.947246 0.035742 -0.015052 -0.032647 0.999354
Pred_Rotation 0.460000 0.948446 -0.316926 0.002936 0.316680 0.948004 0.031658 -0.012817 -0.029096 0.999494
Uncertainty 0.460000 0.000000 -0.000000 0.000000 -0.000000 0.000000 -0.000000 0.000000 -0.000000 0.000000
True_Rotation 0.470000 0.947962 -0.318341 0.005159 0.318027 0.947543 0.031961 -0.015063 -0.028658 0.999476
Pred_Rotation 0.470000 0.948613 -0.316412 0.004206 0.316174 0.948277 0.028354 -0.012960 -0.025567 0.999589
Uncertainty 0.470000 0.000000 -0.000000 0.000000 -0.000000 0.000000 -0.000000 0.000000 -0.000000 0.000000
True_Rotation 0.480000 0.948136 -0.317803 0.006313 0.317504 0.947816 0.028900 -0.015168 -0.025397 0.999562
Pred_Rotation 0.480000 0.948790 -0.315863 0.005366 0.315637 0.948540 0.025392 -0.013110 -0.022398 0.999663
Uncertainty 0.480000 0.000000 -0.000000 0.000000 -0.000000 0.000000 -0.000000 0.000000 -0.000000 0.000000
True_Rotation 0.490000 0.948320 -0.317229 0.007369 0.316947 0.948084 0.026104 -0.015268 -0.022419 0.999632
Pred_Rotation 0.490000 0.948980 -0.315272 0.006425 0.315058 0.948799 0.022758 -0.013270 -0.019572 0.999720
Uncertainty 0.490000 0.000000 -0.000000 0.000000 -0.000000 0.000000 -0.000000 0.000000 -0.000000 0.000000
True_Rotation 0.500000 0.948518 -0.316617 0.008270 0.316351 0.948344 0.023797 -0.015377 -0.019956 0.999683
Pred_Rotation 0.500000 0.949180 -0.314649 0.007246 0.314446 0.949047 0.020802 -0.013423 -0.017466 0.999757
Uncertainty 0.500000 0.000000 -0.000000 0.000000 -0.000000 0.000000 -0.000000 0.000000 -0.000000 0.000001
True_Rotation 0.510000 0.948726 -0.315975 0.008923 0.315723 0.948593 0.022144 -0.015462 -0.018192 0.999715
Pred_Rotation 0.510000 0.949392 -0.313994 0.007844 0.313801 0.949291 0.019371 -0.013528 -0.015929 0.999782
Uncertainty 0.510000 0.000000 -0.000000 0.000000 -0.000000 0.000000 -0.000000 0.000000 -0.000000 0.000001
True_Rotation 0.520000 0.948940 -0.315314 0.009426 0.315074 0.948839 0.020832 -0.015513 -0.016799 0.999739
Pred_Rotation 0.520000 0.949605 -0.313338 0.008377 0.313154 0.949530 0.018078 -0.013619 -0.014544 0.999801
Uncertainty 0.520000 0.000000 -0.000000 0.000000 -0.000000 0.000000 -0.000000 0.000000 -0.000000 0.000001
True_Rotation 0.530000 0.949155 -0.314651 0.009972 0.314426 0.949086 0.019290 -0.015534 -0.015174 0.999764
Pred_Rotation 0.530000 0.949819 -0.312668 0.009037 0.312502 0.949780 0.016128 -0.013626 -0.012494 0.999829
Uncertainty 0.530000 0.000000 -0.000000 0.000000 -0.000000 0.000000 -0.000000 0.000000 -0.000000 0.000001
True_Rotation 0.540000 0.949371 -0.313976 0.010645 0.313773 0.949341 0.017262 -0.015526 -0.013048 0.999794
Pred_Rotation 0.540000 0.950033 -0.311997 0.009762 0.311850 0.950026 0.014161 -0.013692 -0.010410 0.999852
Uncertainty 0.540000 0.000001 -0.000000 0.000000 -0.000000 0.000001 -0.000000 0.000000 -0.000000 0.000001
True_Rotation 0.550000 0.949581 -0.313318 0.011321 0.313132 0.949582 0.015570 -0.015629 -0.011240 0.999815
Pred_Rotation 0.550000 0.950235 -0.311361 0.010414 0.311225 0.950250 0.012827 -0.013889 -0.008948 0.999863
Uncertainty 0.550000 0.000001 -0.000000 0.000000 -0.000000 0.000001 -0.000000 0.000000 -0.000000 0.000001
True_Rotation 0.560000 0.949774 -0.312711 0.011907 0.312537 0.949796 0.014439 -0.015824 -0.009992 0.999825
Pred_Rotation 0.560000 0.950414 -0.310793 0.010983 0.310667 0.950446 0.011811 -0.014109 -0.007813 0.999870
Uncertainty 0.560000 0.000001 -0.000000 0.000000 -0.000000 0.000001 -0.000000 0.000000 -0.000000 0.000001
True_Rotation 0.570000 0.949941 -0.312184 0.012379 0.312021 0.949980 0.013466 -0.015963 -0.008929 0.999833
Pred_Rotation 0.570000 0.950567 -0.310310 0.011390 0.310195 0.950611 0.010836 -0.014190 -0.006767 0.999876
Uncertainty 0.570000 0.000001 -0.000000 0.000000 -0.000000 0.000001 -0.000000 0.000000 -0.000000 0.000001
True_Rotation 0.580000 0.950085 -0.311734 0.012675 0.311585 0.950136 0.012486 -0.015935 -0.007914 0.999842
Pred_Rotation 0.580000 0.950701 -0.309891 0.011623 0.309788 0.950755 0.009839 -0.014099 -0.005754 0.999884
Uncertainty 0.580000 0.000001 -0.000000 0.000000 -0.000000 0.000001 -0.000000 0.000000 -0.000000 0.000001
True_Rotation 0.590000 0.950216 -0.311331 0.012771 0.311197 0.950276 0.011496 -0.015715 -0.006949 0.999852
Pred_Rotation 0.590000 0.950828 -0.309501 0.011616 0.309412 0.950887 0.008859 -0.013788 -0.004829 0.999893
Uncertainty 0.590000 0.000001 -0.000000 0.000000 -0.000000 0.000001 -0.000000 0.000000 -0.000000 0.000001
True_Rotation 0.600000 0.950346 -0.310935 0.012701 0.310818 0.950413 0.010403 -0.015306 -0.005939 0.999865
Pred_Rotation 0.600000 0.950962 -0.309092 0.011578 0.309020 0.951025 0.007598 -0.013360 -0.003648 0.999904
Uncertainty 0.600000 0.000001 -0.000000 0.000000 -0.000000 0.000001 -0.000000 0.000000 -0.000000 0.000001
True_Rotation 0.610000 0.950480 -0.310528 0.012652 0.310432 0.950553 0.009021 -0.014828 -0.004647 0.999879
Pred_Rotation 0.610000 0.951090 -0.308698 0.011583 0.308646 0.951157 0.006128 -0.012909 -0.002253 0.999914
Uncertainty 0.610000 0.000001 -0.000000 0.000000 -0.000000 0.000001 -0.000000 0.000000 -0.000000 0.000001
True_Rotation 0.620000 0.950602 -0.310152 0.012720 0.310079 0.950682 0.007366 -0.014377 -0.003058 0.999892
Pred_Rotation 0.620000 0.951201 -0.308345 0.011806 0.308315 0.951275 0.004259 -0.012544 -0.000411 0.999921
Uncertainty 0.620000 0.000001 -0.000000 0.000000 -0.000000 0.000001 -0.000000 0.000000 -0.000000 0.000001
True_Rotation 0.630000 0.950704 -0.309828 0.012973 0.309780 0.950792 0.005627 -0.014078 -0.001331 0.999900
Pred_Rotation 0.630000 0.951290 -0.308060 0.012118 0.308048 0.951366 0.002832 -0.012401 0.001039 0.999923
Uncertainty 0.630000 0.000001 -0.000000 0.000000 -0.000000 0.000001 -0.000000 0.000000 -0.000000 0.000001
True_Rotation 0.640000 0.950787 -0.309561 0.013277 0.309530 0.950880 0.004407 -0.013989 -0.000081 0.999902
Pred_Rotation 0.640000 0.951368 -0.307803 0.012467 0.307805 0.951448 0.001779 -0.012409 0.002145 0.999921
Uncertainty 0.640000 0.000001 -0.000000 0.000000 -0.000000 0.000001 -0.000000 0.000000 -0.000000 0.000001
True_Rotation 0.650000 0.950868 -0.309297 0.013611 0.309279 0.950965 0.003464 -0.014015 0.000916 0.999901
Pred_Rotation 0.650000 0.951453 -0.307525 0.012837 0.307539 0.951535 0.000929 -0.012500 0.003064 0.999917
Uncertainty 0.650000 0.000001 -0.000000 0.000000 -0.000000 0.000001 -0.000000 0.000000 -0.000000 0.000001
True_Rotation 0.660000 0.950956 -0.309013 0.013933 0.309006 0.951056 0.002746 -0.014100 0.001694 0.999899
Pred_Rotation 0.660000 0.951541 -0.307241 0.013146 0.307264 0.951624 0.000353 -0.012619 0.003703 0.999914
Uncertainty 0.660000 0.000001 -0.000000 0.000000 -0.000000 0.000001 -0.000000 0.000000 -0.000000 0.000001
True_Rotation 0.670000 0.951043 -0.308732 0.014217 0.308734 0.951146 0.002138 -0.014183 0.002356 0.999897
Pred_Rotation 0.670000 0.951626 -0.306964 0.013470 0.306997 0.951710 -0.000374 -0.012705 0.004492 0.999909
Uncertainty 0.670000 0.000001 -0.000000 0.000000 -0.000000 0.000001 -0.000000 0.000000 -0.000000 0.000001
True_Rotation 0.680000 0.951121 -0.308475 0.014544 0.308488 0.951227 0.001404 -0.014268 0.003151 0.999893
Pred_Rotation 0.680000 0.951694 -0.306736 0.013843 0.306779 0.951780 -0.001047 -0.012854 0.005243 0.999904
Uncertainty 0.680000 0.000001 -0.000000 0.000000 -0.000000 0.000001 -0.000000 0.000000 -0.000000 0.000001
True_Rotation 0.690000 0.951177 -0.308288 0.014869 0.308309 0.951286 0.000941 -0.014435 0.003689 0.999889
Pred_Rotation 0.690000 0.951734 -0.306598 0.014127 0.306645 0.951823 -0.001220 -0.013072 0.005493 0.999899
Uncertainty 0.690000 0.000001 -0.000000 0.000000 -0.000000 0.000001 -0.000000 0.000000 -0.000000 0.000001
True_Rotation 0.700000 0.951208 -0.308178 0.015153 0.308200 0.951321 0.000880 -0.014686 0.003833 0.999885
Pred_Rotation 0.700000 0.951759 -0.306503 0.014476 0.306553 0.951853 -0.001264 -0.013392 0.005641 0.999894
Uncertainty 0.700000 0.000001 -0.000000 0.000000 -0.000000 0.000001 -0.000000 0.000000 -0.000000 0.000001
True_Rotation 0.710000 0.951228 -0.308099 0.015515 0.308124 0.951346 0.000814 -0.015011 0.004006 0.999879
Pred_Rotation 0.710000 0.951774 -0.306440 0.014878 0.306493 0.951872 -0.001395 -0.013735 0.005888 0.999888
Uncertainty 0.710000 0.000001 -0.000000 0.000000 -0.000000 0.000001 -0.000000 0.000000 -0.000000 0.000001
True_Rotation 0.720000 0.951247 -0.308020 0.015926 0.308052 0.951369 0.000455 -0.015292 0.004474 0.999873
Pred_Rotation 0.720000 0.951801 -0.306331 0.015335 0.306397 0.951902 -0.002081 -0.013960 0.006680 0.999880
Uncertainty 0.720000 0.000001 -0.000000 0.000000 -0.000000 0.000001 -0.000000 0.000000 -0.000000 0.000001
True_Rotation 0.730000 0.951284 -0.307886 0.016295 0.307930 0.951409 -0.000256 -0.015425 0.005262 0.999867
Pred_Rotation 0.730000 0.951847 -0.306175 0.015607 0.306251 0.951947 -0.002683 -0.014036 0.007334 0.999875
Uncertainty 0.730000 0.000001 -0.000000 0.000000 -0.000000 0.000001 -0.000000 0.000000 -0.000000 0.000001
True_Rotation 0.740000 0.951337 -0.307710 0.016513 0.307766 0.951462 -0.000880 -0.015441 0.005919 0.999863
Pred_Rotation 0.740000 0.951906 -0.305982 0.015840 0.306070 0.952003 -0.003395 -0.014041 0.008080 0.999869
Uncertainty 0.740000 0.000001 -0.000000 0.000000 -0.000000 0.000001 -0.000000 0.000000 -0.000000 0.000001
True_Rotation 0.750000 0.951396 -0.307513 0.016767 0.307582 0.951520 -0.001657 -0.015445 0.006733 0.999858
Pred_Rotation 0.750000 0.951962 -0.305790 0.016143 0.305891 0.952057 -0.004203 -0.014084 0.008939 0.999861
Uncertainty 0.750000 0.000001 -0.000000 0.000000 -0.000000 0.000001 -0.000000 0.000000 -0.000000 0.000001
True_Rotation 0.760000 0.951456 -0.307308 0.017101 0.307393 0.951580 -0.002506 -0.015503 0.007641 0.999851
Pred_Rotation 0.760000 0.952028 -0.305564 0.016525 0.305681 0.952120 -0.005072 -0.014184 0.009880 0.999851
Uncertainty 0.760000 0.000001 -0.000000 0.000000 -0.000000 0.000001 -0.000000 0.000000 -0.000000 0.000001
True_Rotation 0.770000 0.951526 -0.307077 0.017361 0.307175 0.951648 -0.003221 -0.015532 0.008397 0.999844
Pred_Rotation 0.770000 0.952099 -0.305338 0.016628 0.305463 0.952188 -0.005534 -0.014143 0.010349 0.999846
Uncertainty 0.770000 0.000001 -0.000000 0.000000 -0.000000 0.000001 -0.000000 0.000000 -0.000000 0.000001
True_Rotation 0.780000 0.951596 -0.306867 0.017256 0.306966 0.951715 -0.003345 -0.015397 0.008480 0.999846
Pred_Rotation 0.780000 0.952165 -0.305147 0.016367 0.305266 0.952253 -0.005271 -0.013977 0.010016 0.999852
Uncertainty 0.780000 0.000001 -0.000000 0.000000 -0.000000 0.000001 -0.000000 0.000000 -0.000000 0.000001
True_Rotation 0.790000 0.951656 -0.306701 0.016869 0.306792 0.951772 -0.003007 -0.015133 0.008037 0.999853
Pred_Rotation 0.790000 0.952217 -0.305005 0.015965 0.305116 0.952302 -0.004996 -0.013680 0.009628 0.999860
Uncertainty 0.790000 0.000001 -0.000000 0.000000 -0.000000 0.000001 -0.000000 0.000000 -0.000000 0.000001
True_Rotation 0.800000 0.951709 -0.306565 0.016380 0.306648 0.951819 -0.002752 -0.014747 0.007642 0.999862
Pred_Rotation 0.800000 0.952270 -0.304864 0.015453 0.304967 0.952351 -0.004719 -0.013278 0.009206 0.999869
Uncertainty 0.800000 0.000001 -0.000000 0.000000 -0.000000 0.000001 -0.000000 0.000000 -0.000000 0.000001
True_Rotation 0.810000 0.951764 -0.306424 0.015789 0.306498 0.951868 -0.002465 -0.014273 0.007186 0.999872
Pred_Rotation 0.810000 0.952325 -0.304723 0.014868 0.304816 0.952401 -0.004423 -0.012812 0.008744 0.999880
Uncertainty 0.810000 0.000001 -0.000000 0.000000 -0.000000 0.000001 -0.000000 0.000000 -0.000000 0.000001
True_Rotation 0.820000 0.951820 -0.306280 0.015189 0.306347 0.951917 -0.002293 -0.013756 0.006836 0.999882
Pred_Rotation 0.820000 0.952381 -0.304571 0.014360 0.304660 0.952451 -0.004435 -0.012326 0.008598 0.999887
Uncertainty 0.820000 0.000001 -0.000000 0.000000 -0.000000 0.000001 -0.000000 0.000000 -0.000000 0.000001
True_Rotation 0.830000 0.951880 -0.306120 0.014671 0.306186 0.951969 -0.002416 -0.013227 0.006792 0.999889
Pred_Rotation 0.830000 0.952442 -0.304402 0.013896 0.304489 0.952505 -0.004620 -0.011830 0.008632 0.999893
Uncertainty 0.830000 0.000001 -0.000000 0.000000 -0.000000 0.000001 -0.000000 0.000000 -0.000000 0.000001
True_Rotation 0.840000 0.951949 -0.305924 0.014282 0.305993 0.952030 -0.002844 -0.012727 0.007077 0.999894
Pred_Rotation 0.840000 0.952519 -0.304171 0.013687 0.304265 0.952572 -0.005359 -0.011408 0.009269 0.999892
Uncertainty 0.840000 0.000001 -0.000000 0.000000 -0.000000 0.000001 -0.000000 0.000000 -0.000000 0.000001
True_Rotation 0.850000 0.952037 -0.305654 0.014192 0.305733 0.952110 -0.003712 -0.012378 0.007873 0.999892
Pred_Rotation 0.850000 0.952617 -0.303860 0.013753 0.303964 0.952663 -0.006229 -0.011210 0.010114 0.999886
Uncertainty 0.850000 0.000001 -0.000000 0.000000 -0.000000 0.000001 -0.000000 0.000000 -0.000000 0.000001
True_Rotation 0.860000 0.952144 -0.305314 0.014304 0.305404 0.952212 -0.004487 -0.012251 0.008641 0.999888
Pred_Rotation 0.860000 0.952731 -0.303496 0.013906 0.303609 0.952772 -0.006812 -0.011181 0.010712 0.999880
Uncertainty 0.860000 0.000001 -0.000000 0.000000 -0.000000 0.000001 -0.000000 0.000000 -0.000000 0.000001
True_Rotation 0.870000 0.952263 -0.304939 0.014404 0.305036 0.952327 -0.005028 -0.012184 0.009182 0.999884
Pred_Rotation 0.870000 0.952852 -0.303115 0.013950 0.303234 0.952888 -0.007307 -0.011078 0.011192 0.999876
Uncertainty 0.870000 0.000001 -0.000000 0.000000 -0.000000 0.000001 -0.000000 0.000000 -0.000000 0.000001
True_Rotation 0.880000 0.952386 -0.304557 0.014335 0.304659 0.952446 -0.005487 -0.011982 0.009593 0.999882
Pred_Rotation 0.880000 0.952975 -0.302733 0.013801 0.302854 0.953006 -0.007654 -0.010835 0.011473 0.999875
Uncertainty 0.880000 0.000001 -0.000000 0.000000 -0.000000 0.000001 -0.000000 0.000000 -0.000000 0.000001
True_Rotation 0.890000 0.952504 -0.304199 0.014103 0.304300 0.952559 -0.005705 -0.011699 0.009726 0.999884
Pred_Rotation 0.890000 0.953079 -0.302418 0.013547 0.302535 0.953107 -0.007657 -0.010596 0.011396 0.999879
Uncertainty 0.890000 0.000001 -0.000000 0.000000 -0.000000 0.000001 -0.000000 0.000000 -0.000000 0.000001
True_Rotation 0.900000 0.952588 -0.303949 0.013816 0.304047 0.952641 -0.005565 -0.011471 0.009502 0.999889
Pred_Rotation 0.900000 0.953139 -0.302241 0.013272 0.302352 0.953168 -0.007315 -0.010439 0.010985 0.999885
Uncertainty 0.900000 0.000001 -0.000000 0.000000 -0.000000 0.000001 -0.000000 0.000000 -0.000000 0.000001
True_Rotation 0.910000 0.952634 -0.303817 0.013579 0.303908 0.952687 -0.005204 -0.011355 0.009085 0.999894
Pred_Rotation 0.910000 0.953178 -0.302125 0.013131 0.302231 0.953210 -0.006917 -0.010427 0.010562 0.999890
Uncertainty 0.910000 0.000001 -0.000000 0.000000 -0.000000 0.000001 -0.000000 0.000000 -0.000000 0.000001
True_Rotation 0.920000 0.952675 -0.303694 0.013470 0.303780 0.952730 -0.004836 -0.011365 0.008699 0.999898
Pred_Rotation 0.920000 0.953223 -0.301986 0.013060 0.302086 0.953259 -0.006490 -0.010490 0.010131 0.999894
Uncertainty 0.920000 0.000001 -0.000000 0.000000 -0.000000 0.000001 -0.000000 0.000000 -0.000000 0.000001
True_Rotation 0.930000 0.952724 -0.303542 0.013382 0.303624 0.952781 -0.004504 -0.011383 0.008354 0.999900
Pred_Rotation 0.930000 0.953276 -0.301824 0.012958 0.301920 0.953313 -0.006212 -0.010478 0.009834 0.999897
Uncertainty 0.930000 0.000001 -0.000000 0.000000 -0.000000 0.000001 -0.000000 0.000000 -0.000000 0.000001
True_Rotation 0.940000 0.952781 -0.303370 0.013250 0.303448 0.952838 -0.004277 -0.011327 0.008095 0.999903
Pred_Rotation 0.940000 0.953336 -0.301640 0.012822 0.301732 0.953375 -0.005897 -0.010445 0.009491 0.999900
Uncertainty 0.940000 0.000001 -0.000000 0.000000 -0.000000 0.000001 -0.000000 0.000000 -0.000000 0.000001
True_Rotation 0.950000 0.952846 -0.303171 0.013139 0.303245 0.952904 -0.004007 -0.011305 0.007803 0.999906
Pred_Rotation 0.950000 0.953404 -0.301424 0.012792 0.301512 0.953446 -0.005606 -0.010507 0.009202 0.999902
Uncertainty 0.950000 0.000001 -0.000000 0.000000 -0.000000 0.000001 -0.000000 0.000000 -0.000000 0.000001
True_Rotation 0.960000 0.952923 -0.302925 0.013197 0.302999 0.952983 -0.003959 -0.011377 0.007771 0.999905
Pred_Rotation 0.960000 0.953491 -0.301140 0.012978 0.301232 0.953533 -0.005797 -0.010629 0.009436 0.999899
Uncertainty 0.960000 0.000001 -0.000000 0.000000 -0.000000 0.000001 -0.000000 0.000000 -0.000000 0.000001
True_Rotation 0.970000 0.953019 -0.302613 0.013430 0.302692 0.953079 -0.004243 -0.011516 0.008109 0.999901
Pred_Rotation 0.970000 0.953593 -0.300806 0.013245 0.300902 0.953636 -0.005994 -0.010828 0.009702 0.999894
Uncertainty 0.970000 0.000001 -0.000000 0.000000 -0.000000 0.000001 -0.000000 0.000000 -0.000000 0.000001
True_Rotation 0.980000 0.953123 -0.302272 0.013725 0.302354 0.953186 -0.004355 -0.011766 0.008300 0.999896
Pred_Rotation 0.980000 0.953696 -0.300465 0.013584 0.300564 0.953743 -0.005921 -0.011177 0.009729 0.999890
Uncertainty 0.980000 0.000001 -0.000000 0.000000 -0.000000 0.000001 -0.000000 0.000000 -0.000000 0.000001
True_Rotation 0.990000 0.953222 -0.301944 0.014068 0.302027 0.953291 -0.004131 -0.012164 0.008187 0.999893
Pred_Rotation 0.990000 0.953789 -0.300154 0.013921 0.300251 0.953845 -0.005462 -0.011639 0.009389 0.999888
Uncertainty 0.990000 0.000001 -0.000000 0.000000 -0.000000 0.000001 -0.000000 0.000000 -0.000000 0.000001
True_Rotation 1.000000 0.953315 -0.301636 0.014371 0.301713 0.953392 -0.003479 -0.012652 0.007653 0.999891
Pred_Rotation 1.000000 0.953883 -0.299842 0.014202 0.299931 0.953950 -0.004558 -0.012181 0.008607 0.999889
Uncertainty 1.000000 0.000001 -0.000000 0.000000 -0.000000 0.000001 -0.000000 0.000000 -0.000000 0.000001
True_Rotation 1.010000 0.953415 -0.301308 0.014593 0.301375 0.953502 -0.002567 -0.013141 0.006846 0.999890
Pred_Rotation 1.010000 0.953991 -0.299491 0.014375 0.299570 0.954067 -0.003689 -0.012609 0.007826 0.999890
Uncertainty 1.010000 0.000001 -0.000000 0.000000 -0.000000 0.000001 -0.000000 0.000000 -0.000000 0.000001
True_Rotation 1.020000 0.953535 -0.300922 0.014737 0.300981 0.953628 -0.001920 -0.013476 0.006266 0.999890
Pred_Rotation 1.020000 0.954122 -0.299065 0.014533 0.299140 0.954204 -0.003291 -0.012884 0.007487 0.999889
Uncertainty 1.020000 0.000001 -0.000000 0.000000 -0.000000 0.000001 -0.000000 0.000000 -0.000000 0.000001
True_Rotation 1.030000 0.953670 -0.300492 0.014780 0.300546 0.953766 -0.001564 -0.013626 0.005934 0.999890
Pred_Rotation 1.030000 0.954255 -0.298647 0.014430 0.298716 0.954338 -0.002830 -0.012926 0.007011 0.999892
Uncertainty 1.030000 0.000001 -0.000000 0.000000 -0.000000 0.000001 -0.000000 0.000000 -0.000000 0.000001
True_Rotation 1.040000 0.953797 -0.300099 0.014548 0.300145 0.953893 -0.001102 -0.013546 0.005417 0.999894
Pred_Rotation 1.040000 0.954374 -0.298281 0.014116 0.298342 0.954456 -0.002361 -0.012769 0.006465 0.999898
Uncertainty 1.040000 0.000001 -0.000000 0.000000 -0.000000 0.000001 -0.000000 0.000000 -0.000000 0.000001
True_Rotation 1.050000 0.953908 -0.299765 0.014188 0.299806 0.954000 -0.000814 -0.013291 0.005030 0.999899
Pred_Rotation 1.050000 0.954473 -0.297980 0.013766 0.298037 0.954552 -0.002270 -0.012463 0.006269 0.999903
Uncertainty 1.050000 0.000001 -0.000000 0.000000 -0.000000 0.000001 -0.000000 0.000000 -0.000000 0.000001
True_Rotation 1.060000 0.953998 -0.299493 0.013867 0.299535 0.954085 -0.000976 -0.012938 0.005085 0.999903
Pred_Rotation 1.060000 0.954552 -0.297736 0.013528 0.297796 0.954626 -0.002631 -0.012131 0.006540 0.999905
Uncertainty 1.060000 0.000001 -0.000000 0.000000 -0.000000 0.000001 -0.000000 0.000000 -0.000000 0.000001
True_Rotation 1.070000 0.954072 -0.299266 0.013634 0.299311 0.954155 -0.001356 -0.012603 0.005375 0.999906
Pred_Rotation 1.070000 0.954623 -0.297520 0.013295 0.297581 0.954692 -0.002850 -0.011845 0.006677 0.999908
Uncertainty 1.070000 0.000001 -0.000000 0.000000 -0.000000 0.000001 -0.000000 0.000000 -0.000000 0.000001
True_Rotation 1.080000 0.954146 -0.299043 0.013391 0.299091 0.954223 -0.001672 -0.012278 0.005600 0.999909
Pred_Rotation 1.080000 0.954701 -0.297281 0.013063 0.297345 0.954764 -0.003280 -0.011497 0.007016 0.999909
Uncertainty 1.080000 0.000001 -0.000000 0.000000 -0.000000 0.000001 -0.000000 0.000000 -0.000000 0.000001
True_Rotation 1.090000 0.954224 -0.298800 0.013194 0.298853 0.954297 -0.002182 -0.011939 0.006025 0.999911
Pred_Rotation 1.090000 0.954777 -0.297041 0.012922 0.297109 0.954836 -0.003723 -0.011233 0.007394 0.999910
Uncertainty 1.090000 0.000001 -0.000000 0.000000 -0.000000 0.000001 -0.000000 0.000000 -0.000000 0.000001
True_Rotation 1.100000 0.954296 -0.298576 0.013133 0.298634 0.954364 -0.002659 -0.011740 0.006460 0.999910
Pred_Rotation 1.100000 0.954840 -0.296838 0.012961 0.296912 0.954896 -0.004165 -0.011140 0.007825 0.999907
Uncertainty 1.100000 0.000001 -0.000000 0.000000 -0.000000 0.000001 -0.000000 0.000000 -0.000000 0.000001
True_Rotation 1.110000 0.954352 -0.298393 0.013213 0.298456 0.954418 -0.003084 -0.011690 0.006887 0.999908
Pred_Rotation 1.110000 0.954892 -0.296665 0.013054 0.296743 0.954947 -0.004469 -0.011140 0.008142 0.999905
Uncertainty 1.110000 0.000001 -0.000000 0.000000 -0.000000 0.000001 -0.000000 0.000000 -0.000000 0.000001
True_Rotation 1.120000 0.954409 -0.298206 0.013323 0.298273 0.954475 -0.003336 -0.011722 0.007158 0.999906
Pred_Rotation 1.120000 0.954957 -0.296451 0.013177 0.296532 0.955012 -0.004617 -0.011215 0.008316 0.999903
Uncertainty 1.120000 0.000001 -0.000000 0.000000 -0.000000 0.000001 -0.000000 0.000000 -0.000000 0.000001
True_Rotation 1.130000 0.954482 -0.297967 0.013440 0.298037 0.954548 -0.003501 -0.011786 0.007348 0.999904
Pred_Rotation 1.130000 0.955038 -0.296186 0.013279 0.296269 0.955093 -0.004786 -0.011265 0.008505 0.999900
Uncertainty 1.130000 0.000001 -0.000000 0.000000 -0.000000 0.000001 -0.000000 0.000000 -0.000000 0.000001
True_Rotation 1.140000 0.954565 -0.297700 0.013427 0.297771 0.954631 -0.003565 -0.011757 0.007401 0.999904
Pred_Rotation 1.140000 0.955121 -0.295925 0.013132 0.296006 0.955175 -0.004638 -0.011171 0.008317 0.999903
Uncertainty 1.140000 0.000001 -0.000000 0.000000 -0.000000 0.000001 -0.000000 0.000000 -0.000000 0.000001
True_Rotation 1.150000 0.954645 -0.297453 0.013240 0.297522 0.954709 -0.003479 -0.011606 0.007260 0.999906
Pred_Rotation 1.150000 0.955195 -0.295691 0.013008 0.295771 0.955247 -0.004700 -0.011037 0.008336 0.999904
Uncertainty 1.150000 0.000001 -0.000000 0.000000 -0.000000 0.000001 -0.000000 0.000000 -0.000000 0.000001
True_Rotation 1.160000 0.954719 -0.297222 0.013054 0.297290 0.954781 -0.003591 -0.011397 0.007309 0.999908
Pred_Rotation 1.160000 0.955273 -0.295449 0.012763 0.295527 0.955323 -0.004752 -0.010789 0.008311 0.999907
Uncertainty 1.160000 0.000001 -0.000000 0.000000 -0.000000 0.000001 -0.000000 0.000000 -0.000000 0.000001
True_Rotation 1.170000 0.954806 -0.296960 0.012659 0.297024 0.954864 -0.003488 -0.011052 0.007091 0.999914
Pred_Rotation 1.170000 0.955367 -0.295167 0.012244 0.295238 0.955413 -0.004423 -0.010393 0.007840 0.999915
Uncertainty 1.170000 0.000001 -0.000000 -0.000000 -0.000000 0.000001 -0.000000 -0.000000 -0.000000 0.000001
True_Rotation 1.180000 0.954904 -0.296670 0.012018 0.296724 0.954959 -0.002974 -0.010594 0.006406 0.999923
Pred_Rotation 1.180000 0.955470 -0.294863 0.011559 0.294922 0.955514 -0.003767 -0.009934 0.007008 0.999926
Uncertainty 1.180000 0.000001 -0.000000 -0.000000 -0.000000 0.000001 -0.000000 -0.000000 -0.000000 0.000001
True_Rotation 1.190000 0.955016 -0.296337 0.011373 0.296382 0.955066 -0.002475 -0.010128 0.005735 0.999932
Pred_Rotation 1.190000 0.955589 -0.294494 0.011074 0.294548 0.955630 -0.003604 -0.009521 0.006706 0.999932
Uncertainty 1.190000 0.000001 -0.000000 -0.000000 -0.000000 0.000001 -0.000000 -0.000000 -0.000000 0.000001
True_Rotation 1.200000 0.955135 -0.295971 0.010905 0.296012 0.955181 -0.002321 -0.009730 0.005445 0.999938
Pred_Rotation 1.200000 0.955704 -0.294136 0.010637 0.294185 0.955743 -0.003329 -0.009187 0.006311 0.999938
Uncertainty 1.200000 0.000001 -0.000000 -0.000000 -0.000000 0.000001 -0.000000 -0.000000 -0.000000 0.000001
True_Rotation 1.210000 0.955171 -0.295876 0.010320 0.295910 0.955214 -0.001854 -0.009309 0.004824 0.999945
Pred_Rotation 1.210000 0.955626 -0.294415 0.009919 0.294455 0.955662 -0.002744 -0.008672 0.005543 0.999947
Uncertainty 1.210000 0.000001 -0.000000 -0.000000 -0.000000 0.000001 -0.000000 -0.000000 -0.000000 0.000001
True_Rotation 1.220000 0.954917 -0.296728 0.009297 0.296749 0.954955 -0.000945 -0.008597 0.003661 0.999956
Pred_Rotation 1.220000 0.955169 -0.295936 0.008608 0.295961 0.955199 -0.001763 -0.007701 0.004231 0.999961
Uncertainty 1.220000 0.000001 -0.000000 -0.000000 -0.000000 0.000001 -0.000000 -0.000000 -0.000000 0.000001
True_Rotation 1.230000 0.954225 -0.298988 0.007737 0.298994 0.954255 0.000353 -0.007489 0.001976 0.999970
Pred_Rotation 1.230000 0.954237 -0.298973 0.006838 0.298984 0.954258 -0.000613 -0.006342 0.002629 0.999976
Uncertainty 1.230000 0.000001 -0.000000 -0.000000 -0.000000 0.000001 -0.000000 -0.000000 -0.000000 0.000001
True_Rotation 1.240000 0.953044 -0.302779 0.005653 0.302773 0.953061 0.002009 -0.005996 -0.000203 0.999982
Pred_Rotation 1.240000 0.952820 -0.303506 0.004335 0.303504 0.952830 0.001133 -0.004474 0.000236 0.999990
Uncertainty 1.240000 0.000001 -0.000000 -0.000000 -0.000000 0.000001 -0.000000 -0.000000 -0.000000 0.000001
True_Rotation 1.250000 0.951385 -0.307990 0.002759 0.307977 0.951383 0.004450 -0.003995 -0.003384 0.999986
Pred_Rotation 1.250000 0.950942 -0.309368 0.000972 0.309363 0.950937 0.003734 -0.002080 -0.003250 0.999993
