True_Rotation 0.000000 0.929253 0.368982 -0.018468 -0.348842 0.859877 -0.372720 -0.121647 0.352794 0.927760
Pred_Rotation 0.000000 0.978896 0.203433 0.019427 -0.204151 0.977757 0.048094 -0.009211 -0.051045 0.998654
Uncertainty 0.000000 0.102241 0.013906 50.000000
True_Rotation 0.010000 0.930451 0.366232 -0.011654 -0.344168 0.862598 -0.370774 -0.125737 0.348998 0.928650
Pred_Rotation 0.010000 0.979855 0.198778 0.019253 -0.199388 0.979187 0.037924 -0.011314 -0.040999 0.999095
Uncertainty 0.010000 0.202307 0.019777 50.000000
True_Rotation 0.020000 0.931582 0.363470 -0.006754 -0.340419 0.865681 -0.367030 -0.127558 0.344217 0.930185
Pred_Rotation 0.020000 0.980805 0.193912 0.020475 -0.194427 0.980541 0.027152 -0.014811 -0.030611 0.999422
Uncertainty 0.020000 0.388373 0.025857 50.000000
True_Rotation 0.030000 0.932735 0.360548 -0.003395 -0.337336 0.869284 -0.361317 -0.127321 0.338158 0.932437
Pred_Rotation 0.030000 0.981641 0.189463 0.022034 -0.189870 0.981641 0.018142 -0.018193 -0.021993 0.999592
Uncertainty 0.030000 0.589224 0.029655 50.000000
True_Rotation 0.040000 0.933963 0.357367 -0.001280 -0.334697 0.873451 -0.353639 -0.125261 0.330715 0.935381
Pred_Rotation 0.040000 0.983013 0.181766 0.025431 -0.181933 0.983301 0.004388 -0.024208 -0.008940 0.999667
Uncertainty 0.040000 0.973784 0.037402 50.000000
True_Rotation 0.050000 0.935339 0.353752 -0.000589 -0.332471 0.878499 -0.343078 -0.120847 0.321090 0.939307
Pred_Rotation 0.050000 0.984957 0.170069 0.030606 -0.169768 0.985409 -0.012190 -0.032232 0.006810 0.999457
Uncertainty 0.050000 1.604924 0.037425 38.613213
True_Rotation 0.060000 0.936896 0.349604 -0.001492 -0.330621 0.884620 -0.328842 -0.113645 0.308584 0.944384
Pred_Rotation 0.060000 0.988353 0.145141 0.045739 -0.142728 0.988383 -0.052233 -0.052789 0.045096 0.997587
Uncertainty 0.060000 2.807312 0.021693 17.616642
True_Rotation 0.070000 0.938594 0.344998 -0.004228 -0.329197 0.891802 -0.310353 -0.103300 0.292687 0.950612
Pred_Rotation 0.070000 0.989715 0.130989 0.057502 -0.125917 0.988443 -0.084414 -0.067895 0.076305 0.994770
Uncertainty 0.070000 3.541287 0.007946 10.242895
True_Rotation 0.080000 0.940175 0.340586 -0.008488 -0.328324 0.899112 -0.289484 -0.090962 0.274952 0.957145
Pred_Rotation 0.080000 0.989766 0.133325 0.050864 -0.129418 0.988853 -0.073630 -0.060113 0.066294 0.995988
Uncertainty 0.080000 3.078551 0.001033 10.379188
True_Rotation 0.090000 0.941398 0.337065 -0.012522 -0.327613 0.904905 -0.271691 -0.080247 0.259872 0.962303
Pred_Rotation 0.090000 0.990538 0.132017 0.037504 -0.129992 0.990145 -0.052106 -0.044013 0.046738 0.997937
Uncertainty 0.090000 2.240667 0.012859 11.698767
True_Rotation 0.100000 0.942434 0.333997 -0.016269 -0.326664 0.909162 -0.258293 -0.071478 0.248738 0.965930
Pred_Rotation 0.100000 0.988197 0.151939 0.019517 -0.151679 0.988328 -0.014186 -0.021445 0.011059 0.999709
Uncertainty 0.100000 1.180915 0.017630 23.114338
True_Rotation 0.110000 0.943316 0.331293 -0.020001 -0.325658 0.912278 -0.248385 -0.064042 0.240819 0.968455
Pred_Rotation 0.110000 0.987351 0.158084 0.012149 -0.158093 0.987424 -0.000229 -0.012032 -0.001695 0.999926
Uncertainty 0.110000 0.669430 0.009540 29.421284
True_Rotation 0.120000 0.944061 0.328951 -0.023230 -0.324703 0.914945 -0.239673 -0.057587 0.233809 0.970576
Pred_Rotation 0.120000 0.987478 0.157356 0.011236 -0.157363 0.987541 -0.000247 -0.011135 -0.001524 0.999937
Uncertainty 0.120000 0.591414 0.008217 28.630611
True_Rotation 0.130000 0.944673 0.327017 -0.025546 -0.323876 0.917594 -0.230491 -0.051933 0.226012 0.972739
Pred_Rotation 0.130000 0.987603 0.156485 0.012396 -0.156451 0.987679 -0.003672 -0.012818 0.001687 0.999916
Uncertainty 0.130000 0.635640 0.010152 26.888571
True_Rotation 0.140000 0.945195 0.325402 -0.026829 -0.323077 0.920231 -0.220897 -0.047192 0.217459 0.974928
Pred_Rotation 0.140000 0.986777 0.161668 0.011571 -0.161678 0.986844 -0.000083 -0.011432 -0.001789 0.999933
Uncertainty 0.140000 0.526590 0.008918 30.149282
True_Rotation 0.150000 0.945670 0.323980 -0.027305 -0.322209 0.922635 -0.211959 -0.043478 0.209241 0.976897
Pred_Rotation 0.150000 0.986706 0.162231 0.009583 -0.162269 0.986741 0.003237 -0.008931 -0.004750 0.999949
Uncertainty 0.150000 0.394477 0.006321 30.979279
True_Rotation 0.160000 0.946105 0.322719 -0.027165 -0.321299 0.924791 -0.203785 -0.040644 0.201530 0.978639
Pred_Rotation 0.160000 0.986897 0.161123 0.008580 -0.161162 0.986920 0.004045 -0.007816 -0.005375 0.999955
Uncertainty 0.160000 0.334283 0.004675 30.030558
True_Rotation 0.170000 0.946517 0.321549 -0.026684 -0.320373 0.926790 -0.196012 -0.038297 0.194078 0.980238
Pred_Rotation 0.170000 0.996301 0.084572 0.015198 -0.084045 0.995931 -0.032515 -0.017886 0.031118 0.999356
Uncertainty 0.170000 0.499715 0.001225 4.960055
True_Rotation 0.180000 0.946929 0.320394 -0.025942 -0.319386 0.928685 -0.188513 -0.036306 0.186794 0.981728
Pred_Rotation 0.180000 0.985521 0.169377 0.007795 -0.169445 0.985497 0.009173 -0.006128 -0.010361 0.999927
Uncertainty 0.180000 0.245398 0.004275 36.841587
True_Rotation 0.190000 0.947313 0.319379 -0.024418 -0.318391 0.930562 -0.180780 -0.035015 0.179030 0.983220
Pred_Rotation 0.190000 0.984606 0.174619 0.007661 -0.174703 0.984545 0.012244 -0.005405 -0.013394 0.999896
Uncertainty 0.190000 0.187158 0.004820 41.846676
True_Rotation 0.200000 0.947672 0.318503 -0.021751 -0.317340 0.932395 -0.173016 -0.034826 0.170865 0.984679
Pred_Rotation 0.200000 0.984769 0.173675 0.008217 -0.173757 0.984731 0.010629 -0.006246 -0.011895 0.999910
Uncertainty 0.200000 0.192676 0.006310 40.206684
True_Rotation 0.210000 0.947895 0.318035 -0.018695 -0.316617 0.933906 -0.166051 -0.035350 0.163318 0.985940
Pred_Rotation 0.210000 0.983353 0.181584 0.006601 -0.181673 0.983205 0.017410 -0.003329 -0.018320 0.999827
Uncertainty 0.210000 0.087253 0.005103 50.000000
True_Rotation 0.220000 0.948085 0.317624 -0.015793 -0.316008 0.935361 -0.158865 -0.035687 0.155608 0.987174
Pred_Rotation 0.220000 0.983521 0.180643 0.007335 -0.180737 0.983410 0.015454 -0.004421 -0.016525 0.999854
Uncertainty 0.220000 0.142013 0.006932 47.172096
True_Rotation 0.230000 0.948237 0.317271 -0.013635 -0.315615 0.936799 -0.150979 -0.035128 0.147467 0.988443
Pred_Rotation 0.230000 0.984392 0.175836 0.007296 -0.175917 0.984327 0.012383 -0.005004 -0.013473 0.999897
Uncertainty 0.230000 0.198929 0.006620 40.618061
True_Rotation 0.240000 0.948336 0.317010 -0.012751 -0.315520 0.938145 -0.142586 -0.033239 0.139242 0.989700
Pred_Rotation 0.240000 0.984655 0.174254 0.009435 -0.174333 0.984652 0.008238 -0.007855 -0.009756 0.999922
Uncertainty 0.240000 0.319219 0.008314 36.326351
True_Rotation 0.250000 0.948386 0.316848 -0.013082 -0.315686 0.939384 -0.133789 -0.030101 0.131013 0.990924
Pred_Rotation 0.250000 0.986792 0.161821 0.007392 -0.161852 0.986808 0.003836 -0.006674 -0.004982 0.999965
Uncertainty 0.250000 0.318003 0.005002 27.765432
True_Rotation 0.260000 0.948332 0.316974 -0.013944 -0.316148 0.940325 -0.125850 -0.026779 0.123756 0.991951
Pred_Rotation 0.260000 0.987444 0.157865 0.005711 -0.157890 0.987447 0.004302 -0.004960 -0.005150 0.999975
Uncertainty 0.260000 0.273566 0.003926 25.576862
True_Rotation 0.270000 0.948180 0.317366 -0.015298 -0.316897 0.941091 -0.117997 -0.023051 0.116731 0.992896
Pred_Rotation 0.270000 0.989200 0.146437 0.006368 -0.146422 0.989218 -0.002735 -0.006700 0.001773 0.999976
Uncertainty 0.270000 0.325633 0.003434 18.884850
True_Rotation 0.280000 0.947978 0.317879 -0.017057 -0.317780 0.941793 -0.109739 -0.018820 0.109450 0.993814
Pred_Rotation 0.280000 0.990573 0.136830 0.006584 -0.136779 0.990572 -0.007678 -0.007573 0.006705 0.999949
Uncertainty 0.280000 0.339871 0.002365 14.697301
True_Rotation 0.290000 0.947769 0.318397 -0.018876 -0.318620 0.942391 -0.101888 -0.014652 0.102581 0.994617
Pred_Rotation 0.290000 0.990783 0.135425 0.003143 -0.135417 0.990785 -0.002788 -0.003491 0.002336 0.999991
Uncertainty 0.290000 0.226053 0.000607 14.880309
True_Rotation 0.300000 0.947599 0.318794 -0.020638 -0.319275 0.942864 -0.095242 -0.010904 0.096840 0.995240
Pred_Rotation 0.300000 0.991643 0.129002 0.001465 -0.128998 0.991641 -0.002788 -0.001813 0.002576 0.999995
Uncertainty 0.300000 0.183014 0.000010 12.928544
True_Rotation 0.310000 0.947537 0.318823 -0.022913 -0.319579 0.943442 -0.088242 -0.006516 0.090935 0.995835
Pred_Rotation 0.310000 0.992921 0.118663 0.005154 -0.118592 0.992866 -0.012406 -0.006589 0.011706 0.999910
Uncertainty 0.310000 0.277921 0.000010 9.552624
True_Rotation 0.320000 0.947568 0.318526 -0.025611 -0.319551 0.944159 -0.080311 -0.001400 0.084284 0.996441
Pred_Rotation 0.320000 0.992381 0.123174 0.002930 -0.123158 0.992373 -0.005227 -0.003552 0.004826 0.999982
Uncertainty 0.320000 0.189570 0.000029 11.032689
True_Rotation 0.330000 0.947590 0.318316 -0.027343 -0.319481 0.944680 -0.074246 0.002197 0.079091 0.996865
Pred_Rotation 0.330000 0.990321 0.138796 0.000124 -0.138793 0.990296 0.007030 0.000853 -0.006979 0.999975
Uncertainty 0.330000 0.098026 0.001070 16.338295
True_Rotation 0.340000 0.947663 0.318054 -0.027845 -0.319243 0.945116 -0.069560 0.004192 0.074809 0.997189
Pred_Rotation 0.340000 0.988611 0.150495 0.000471 -0.150488 0.988527 0.012953 0.001484 -0.012877 0.999916
Uncertainty 0.340000 0.067121 0.001400 21.417994
True_Rotation 0.350000 0.947751 0.317838 -0.027349 -0.318970 0.945530 -0.065048 0.005185 0.070373 0.997507
Pred_Rotation 0.350000 0.988075 0.153970 0.000814 -0.153965 0.987970 0.014525 0.001432 -0.014477 0.999894
Uncertainty 0.350000 0.060937 0.000935 22.629103
True_Rotation 0.360000 0.947862 0.317623 -0.025953 -0.318638 0.945932 -0.060690 0.005273 0.065796 0.997819
Pred_Rotation 0.360000 0.991962 0.126390 -0.006076 -0.126339 0.991953 0.008176 0.007061 -0.007343 0.999948
Uncertainty 0.360000 0.050990 0.000738 13.466988
True_Rotation 0.370000 0.947979 0.317420 -0.024102 -0.318300 0.946262 -0.057214 0.004646 0.061909 0.998071
Pred_Rotation 0.370000 0.987763 0.155959 -0.000911 -0.155925 0.987638 0.016105 0.003412 -0.015766 0.999870
Uncertainty 0.370000 0.044016 0.001875 22.926008
True_Rotation 0.380000 0.948041 0.317386 -0.022025 -0.318130 0.946478 -0.054521 0.003542 0.058695 0.998270
Pred_Rotation 0.380000 0.988162 0.153410 -0.001236 -0.153377 0.988066 0.014172 0.003395 -0.013814 0.999899
Uncertainty 0.380000 0.050323 0.001122 20.678322
True_Rotation 0.390000 0.947912 0.317900 -0.020042 -0.318524 0.946440 -0.052853 0.002167 0.056484 0.998401
Pred_Rotation 0.390000 0.987906 0.155056 -0.000414 -0.155041 0.987843 0.011351 0.002169 -0.011149 0.999936
Uncertainty 0.390000 0.083602 0.000727 18.939457
True_Rotation 0.400000 0.947714 0.318592 -0.018380 -0.319119 0.946330 -0.051200 0.001081 0.054389 0.998519
Pred_Rotation 0.400000 0.988800 0.149240 -0.001572 -0.149212 0.988736 0.011726 0.003304 -0.011360 0.999930
Uncertainty 0.400000 0.071808 0.000479 18.159950
True_Rotation 0.410000 0.947571 0.319088 -0.017074 -0.319544 0.946321 -0.048666 0.000629 0.051570 0.998669
Pred_Rotation 0.410000 0.989635 0.143583 -0.002390 -0.143545 0.989572 0.011910 0.004075 -0.011443 0.999926
Uncertainty 0.410000 0.066522 0.000520 17.298260
True_Rotation 0.420000 0.947510 0.319319 -0.016118 -0.319724 0.946420 -0.045453 0.000740 0.048221 0.998836
Pred_Rotation 0.420000 0.990574 0.136960 -0.002261 -0.136929 0.990526 0.010418 0.003666 -0.010010 0.999943
Uncertainty 0.420000 0.066580 0.001008 16.027008
True_Rotation 0.430000 0.947547 0.319241 -0.015501 -0.319614 0.946633 -0.041627 0.001385 0.044398 0.999013
Pred_Rotation 0.430000 0.991734 0.128308 -0.001168 -0.128299 0.991717 0.005996 0.001928 -0.005796 0.999981
Uncertainty 0.430000 0.092821 0.001386 13.459790
True_Rotation 0.440000 0.947658 0.318928 -0.015178 -0.319279 0.946932 -0.037174 0.002516 0.040074 0.999194
Pred_Rotation 0.440000 0.992797 0.119811 -0.000221 -0.119810 0.992795 0.001803 0.000435 -0.001764 0.999998
Uncertainty 0.440000 0.119741 0.001333 10.798413
True_Rotation 0.450000 0.947801 0.318508 -0.015052 -0.318840 0.947246 -0.032647 0.003859 0.035742 0.999354
Pred_Rotation 0.450000 0.993041 0.117765 -0.000100 -0.117765 0.993041 0.001310 0.000253 -0.001289 0.999999
Uncertainty 0.450000 0.119806 0.001861 10.297956
True_Rotation 0.460000 0.947962 0.318027 -0.015063 -0.318341 0.947543 -0.028658 0.005159 0.031961 0.999476
Pred_Rotation 0.460000 0.992925 0.118742 -0.001041 -0.118739 0.992921 0.003151 0.001408 -0.003005 0.999994
Uncertainty 0.460000 0.107223 0.003579 10.531849
True_Rotation 0.470000 0.948136 0.317504 -0.015168 -0.317803 0.947816 -0.025397 0.006313 0.028900 0.999562
Pred_Rotation 0.470000 0.993196 0.116449 -0.001162 -0.116447 0.993196 0.001446 0.001323 -0.001301 0.999998
Uncertainty 0.470000 0.141031 0.003861 9.284619
True_Rotation 0.480000 0.948320 0.316947 -0.015268 -0.317229 0.948084 -0.022419 0.007369 0.026104 0.999632
Pred_Rotation 0.480000 0.993391 0.114773 -0.001322 -0.114773 0.993392 0.000058 0.001320 0.000094 0.999999
Uncertainty 0.480000 0.175021 0.003797 8.291336
True_Rotation 0.490000 0.948518 0.316351 -0.015377 -0.316617 0.948344 -0.019956 0.008270 0.023797 0.999683
Pred_Rotation 0.490000 0.993254 0.115949 -0.001702 -0.115950 0.993255 -0.000814 0.001596 0.001006 0.999998
Uncertainty 0.490000 0.213903 0.004616 7.703469
True_Rotation 0.500000 0.948726 0.315723 -0.015462 -0.315975 0.948593 -0.018192 0.008923 0.022144 0.999715
Pred_Rotation 0.500000 0.993163 0.116716 -0.002050 -0.116720 0.993164 -0.001600 0.001849 0.001829 0.999997
Uncertainty 0.500000 0.251615 0.005169 7.159568
True_Rotation 0.510000 0.948940 0.315074 -0.015513 -0.315314 0.948839 -0.016799 0.009426 0.020832 0.999739
Pred_Rotation 0.510000 0.993323 0.115343 -0.002403 -0.115348 0.993323 -0.002043 0.002151 0.002306 0.999995
Uncertainty 0.510000 0.256280 0.005367 6.810734
True_Rotation 0.520000 0.949155 0.314426 -0.015534 -0.314651 0.949086 -0.015174 0.009972 0.019290 0.999764
Pred_Rotation 0.520000 0.993926 0.110023 -0.002320 -0.110028 0.993925 -0.002512 0.002030 0.002752 0.999994
Uncertainty 0.520000 0.230227 0.004578 6.395996
True_Rotation 0.530000 0.949371 0.313773 -0.015526 -0.313976 0.949341 -0.013048 0.010645 0.017262 0.999794
Pred_Rotation 0.530000 0.994093 0.108507 -0.002350 -0.108513 0.994091 -0.002826 0.002029 0.003064 0.999993
Uncertainty 0.530000 0.225934 0.004711 6.270140
True_Rotation 0.540000 0.949581 0.313132 -0.015629 -0.313318 0.949582 -0.011240 0.011321 0.015570 0.999815
Pred_Rotation 0.540000 0.993968 0.109638 -0.002532 -0.109646 0.993964 -0.003627 0.002119 0.003883 0.999990
Uncertainty 0.540000 0.263489 0.005536 5.893632
True_Rotation 0.550000 0.949774 0.312537 -0.015824 -0.312711 0.949796 -0.009992 0.011907 0.014439 0.999825
Pred_Rotation 0.550000 0.993938 0.109904 -0.002740 -0.109915 0.993932 -0.004201 0.002261 0.004477 0.999987
Uncertainty 0.550000 0.293616 0.005525 5.517354
True_Rotation 0.560000 0.949941 0.312021 -0.015963 -0.312184 0.949980 -0.008929 0.012379 0.013466 0.999833
Pred_Rotation 0.560000 0.993893 0.110304 -0.003104 -0.110317 0.993888 -0.004136 0.002629 0.004453 0.999987
Uncertainty 0.560000 0.304464 0.005066 5.358217
True_Rotation 0.570000 0.950085 0.311585 -0.015935 -0.311734 0.950136 -0.007914 0.012675 0.012486 0.999842
Pred_Rotation 0.570000 0.993857 0.110613 -0.003506 -0.110627 0.993854 -0.003897 0.003053 0.004261 0.999986
Uncertainty 0.570000 0.306360 0.004704 5.265395
True_Rotation 0.580000 0.950216 0.311197 -0.015715 -0.311331 0.950276 -0.006949 0.012771 0.011496 0.999852
Pred_Rotation 0.580000 0.993743 0.111624 -0.003886 -0.111638 0.993742 -0.003621 0.003458 0.004032 0.999986
Uncertainty 0.580000 0.314154 0.004459 5.193067
True_Rotation 0.590000 0.950346 0.310818 -0.015306 -0.310935 0.950413 -0.005939 0.012701 0.010403 0.999865
Pred_Rotation 0.590000 0.993820 0.110946 -0.003706 -0.110959 0.993818 -0.003610 0.003282 0.003999 0.999987
Uncertainty 0.590000 0.310072 0.004192 5.190784
True_Rotation 0.600000 0.950480 0.310432 -0.014828 -0.310528 0.950553 -0.004647 0.012652 0.009021 0.999879
Pred_Rotation 0.600000 0.994043 0.108931 -0.003621 -0.108945 0.994040 -0.004039 0.003159 0.004409 0.999985
Uncertainty 0.600000 0.310139 0.003929 4.979794
True_Rotation 0.610000 0.950602 0.310079 -0.014377 -0.310152 0.950682 -0.003058 0.012720 0.007366 0.999892
Pred_Rotation 0.610000 0.994328 0.106304 -0.003309 -0.106317 0.994323 -0.004204 0.002843 0.004532 0.999986
Uncertainty 0.610000 0.293028 0.003277 4.901813
True_Rotation 0.620000 0.950704 0.309780 -0.014078 -0.309828 0.950792 -0.001331 0.012973 0.005627 0.999900
Pred_Rotation 0.620000 0.994425 0.105396 -0.003424 -0.105413 0.994413 -0.005458 0.002829 0.005788 0.999979
Uncertainty 0.620000 0.331691 0.003651 4.458792
True_Rotation 0.630000 0.950787 0.309530 -0.013989 -0.309561 0.950880 -0.000081 0.013277 0.004407 0.999902
Pred_Rotation 0.630000 0.994437 0.105282 -0.003421 -0.105301 0.994421 -0.006197 0.002749 0.006523 0.999975
Uncertainty 0.630000 0.358187 0.004426 4.192815
True_Rotation 0.640000 0.950868 0.309279 -0.014015 -0.309297 0.950965 0.000916 0.013611 0.003464 0.999901
Pred_Rotation 0.640000 0.994532 0.104398 -0.002831 -0.104415 0.994509 -0.006994 0.002085 0.007251 0.999972
Uncertainty 0.640000 0.381292 0.005218 3.958259
True_Rotation 0.650000 0.950956 0.309006 -0.014100 -0.309013 0.951056 0.001694 0.013933 0.002746 0.999899
Pred_Rotation 0.650000 0.994472 0.104969 -0.002604 -0.104986 0.994447 -0.007324 0.001821 0.007557 0.999970
Uncertainty 0.650000 0.400413 0.005365 3.878413
True_Rotation 0.660000 0.951043 0.308734 -0.014183 -0.308732 0.951146 0.002356 0.014217 0.002138 0.999897
Pred_Rotation 0.660000 0.994544 0.104283 -0.002670 -0.104300 0.994520 -0.007216 0.001903 0.007455 0.999970
Uncertainty 0.660000 0.389233 0.005470 3.879208
True_Rotation 0.670000 0.951121 0.308488 -0.014268 -0.308475 0.951227 0.003151 0.014544 0.001404 0.999893
Pred_Rotation 0.670000 0.994540 0.104322 -0.002695 -0.104339 0.994515 -0.007258 0.001923 0.007499 0.999970
Uncertainty 0.670000 0.389800 0.005543 3.898991
True_Rotation 0.680000 0.951177 0.308309 -0.014435 -0.308288 0.951286 0.003689 0.014869 0.000941 0.999889
Pred_Rotation 0.680000 0.994497 0.104732 -0.002612 -0.104749 0.994471 -0.007453 0.001817 0.007685 0.999969
Uncertainty 0.680000 0.412635 0.006140 3.787975
True_Rotation 0.690000 0.951208 0.308200 -0.014686 -0.308178 0.951321 0.003833 0.015153 0.000880 0.999885
Pred_Rotation 0.690000 0.994517 0.104553 -0.002283 -0.104568 0.994488 -0.007700 0.001465 0.007896 0.999968
Uncertainty 0.690000 0.428192 0.006789 3.727299
True_Rotation 0.700000 0.951228 0.308124 -0.015011 -0.308099 0.951346 0.004006 0.015515 0.000814 0.999879
Pred_Rotation 0.700000 0.994577 0.103981 -0.002108 -0.103995 0.994547 -0.007862 0.001279 0.008039 0.999967
Uncertainty 0.700000 0.426618 0.006964 3.679722
True_Rotation 0.710000 0.951247 0.308052 -0.015292 -0.308020 0.951369 0.004474 0.015926 0.000455 0.999873
Pred_Rotation 0.710000 0.994664 0.103144 -0.001980 -0.103157 0.994635 -0.007807 0.001164 0.007970 0.999968
Uncertainty 0.710000 0.403768 0.006128 3.657846
True_Rotation 0.720000 0.951284 0.307930 -0.015425 -0.307886 0.951409 0.005262 0.016295 -0.000256 0.999867
Pred_Rotation 0.720000 0.994536 0.104370 -0.002247 -0.104384 0.994509 -0.007440 0.001459 0.007634 0.999970
Uncertainty 0.720000 0.408595 0.005776 3.737040
True_Rotation 0.730000 0.951337 0.307766 -0.015441 -0.307710 0.951462 0.005919 0.016513 -0.000880 0.999863
Pred_Rotation 0.730000 0.994628 0.103495 -0.002182 -0.103509 0.994600 -0.007586 0.001385 0.007771 0.999969
Uncertainty 0.730000 0.402153 0.005953 3.687152
True_Rotation 0.740000 0.951396 0.307582 -0.015445 -0.307513 0.951520 0.006733 0.016767 -0.001657 0.999858
Pred_Rotation 0.740000 0.994710 0.102704 -0.002164 -0.102717 0.994682 -0.007598 0.001372 0.007780 0.999969
Uncertainty 0.740000 0.393105 0.006170 3.663366
True_Rotation 0.750000 0.951456 0.307393 -0.015503 -0.307308 0.951580 0.007641 0.017101 -0.002506 0.999851
Pred_Rotation 0.750000 0.994715 0.102658 -0.001888 -0.102670 0.994686 -0.007731 0.001085 0.007884 0.999968
Uncertainty 0.750000 0.399104 0.005987 3.623358
True_Rotation 0.760000 0.951526 0.307175 -0.015532 -0.307077 0.951648 0.008397 0.017361 -0.003221 0.999844
Pred_Rotation 0.760000 0.994464 0.105052 -0.002223 -0.105066 0.994439 -0.007295 0.001444 0.007488 0.999971
Uncertainty 0.760000 0.422741 0.005824 3.733368
True_Rotation 0.770000 0.951596 0.306966 -0.015397 -0.306867 0.951715 0.008480 0.017256 -0.003345 0.999846
Pred_Rotation 0.770000 0.994043 0.108954 -0.002909 -0.108971 0.994024 -0.006445 0.002189 0.006724 0.999975
Uncertainty 0.770000 0.459023 0.005738 3.971038
True_Rotation 0.780000 0.951656 0.306792 -0.015133 -0.306701 0.951772 0.008037 0.016869 -0.003007 0.999853
Pred_Rotation 0.780000 0.993965 0.109654 -0.003105 -0.109672 0.993949 -0.006189 0.002408 0.006493 0.999976
Uncertainty 0.780000 0.457473 0.005416 4.017120
True_Rotation 0.790000 0.951709 0.306648 -0.014747 -0.306565 0.951819 0.007642 0.016380 -0.002752 0.999862
Pred_Rotation 0.790000 0.993917 0.110089 -0.003149 -0.110107 0.993901 -0.006127 0.002455 0.006436 0.999976
Uncertainty 0.790000 0.456860 0.005099 4.055390
True_Rotation 0.800000 0.951764 0.306498 -0.014273 -0.306424 0.951868 0.007186 0.015789 -0.002465 0.999872
Pred_Rotation 0.800000 0.993939 0.109889 -0.002960 -0.109905 0.993922 -0.006283 0.002252 0.006570 0.999976
Uncertainty 0.800000 0.464150 0.005351 4.009199
True_Rotation 0.810000 0.951820 0.306347 -0.013756 -0.306280 0.951917 0.006836 0.015189 -0.002293 0.999882
Pred_Rotation 0.810000 0.993977 0.109540 -0.003208 -0.109558 0.993962 -0.006003 0.002531 0.006318 0.999977
Uncertainty 0.810000 0.447387 0.004952 4.034935
True_Rotation 0.820000 0.951880 0.306186 -0.013227 -0.306120 0.951969 0.006792 0.014671 -0.002416 0.999889
Pred_Rotation 0.820000 0.994133 0.108127 -0.002899 -0.108143 0.994115 -0.006373 0.002193 0.006649 0.999975
Uncertainty 0.820000 0.442205 0.005314 3.916930
True_Rotation 0.830000 0.951949 0.305993 -0.012727 -0.305924 0.952030 0.007077 0.014282 -0.002844 0.999894
Pred_Rotation 0.830000 0.994462 0.105072 -0.002376 -0.105086 0.994438 -0.007072 0.001620 0.007283 0.999972
Uncertainty 0.830000 0.415832 0.005372 3.747929
True_Rotation 0.840000 0.952037 0.305733 -0.012378 -0.305654 0.952110 0.007873 0.014192 -0.003712 0.999892
Pred_Rotation 0.840000 0.994719 0.102615 -0.002008 -0.102628 0.994690 -0.007688 0.001208 0.007853 0.999968
Uncertainty 0.840000 0.403354 0.006105 3.627056
True_Rotation 0.850000 0.952144 0.305404 -0.012251 -0.305314 0.952212 0.008641 0.014304 -0.004487 0.999888
Pred_Rotation 0.850000 0.994752 0.102299 -0.001902 -0.102312 0.994719 -0.008110 0.001062 0.008262 0.999965
Uncertainty 0.850000 0.410997 0.006690 3.580456
True_Rotation 0.860000 0.952263 0.305036 -0.012184 -0.304939 0.952327 0.009182 0.014404 -0.005028 0.999884
Pred_Rotation 0.860000 0.994660 0.103188 -0.002136 -0.103201 0.994630 -0.007790 0.001320 0.007969 0.999967
Uncertainty 0.860000 0.411507 0.006495 3.620210
True_Rotation 0.870000 0.952386 0.304659 -0.011982 -0.304557 0.952446 0.009593 0.014335 -0.005487 0.999882
Pred_Rotation 0.870000 0.994573 0.104021 -0.002241 -0.104035 0.994545 -0.007549 0.001443 0.007742 0.999969
Uncertainty 0.870000 0.422202 0.006572 3.626092
True_Rotation 0.880000 0.952504 0.304300 -0.011699 -0.304199 0.952559 0.009726 0.014103 -0.005705 0.999884
Pred_Rotation 0.880000 0.994442 0.105256 -0.002605 -0.105272 0.994416 -0.007336 0.001818 0.007569 0.999970
Uncertainty 0.880000 0.432253 0.006727 3.731059
True_Rotation 0.890000 0.952588 0.304047 -0.011471 -0.303949 0.952641 0.009502 0.013816 -0.005565 0.999889
Pred_Rotation 0.890000 0.994335 0.106253 -0.002942 -0.106272 0.994313 -0.006972 0.002184 0.007245 0.999971
Uncertainty 0.890000 0.438820 0.006436 3.758732
True_Rotation 0.900000 0.952634 0.303908 -0.011355 -0.303817 0.952687 0.009085 0.013579 -0.005204 0.999894
Pred_Rotation 0.900000 0.994277 0.106785 -0.003199 -0.106804 0.994257 -0.006811 0.002453 0.007114 0.999972
Uncertainty 0.900000 0.429946 0.005756 3.856320
True_Rotation 0.910000 0.952675 0.303780 -0.011365 -0.303694 0.952730 0.008699 0.013470 -0.004836 0.999898
Pred_Rotation 0.910000 0.994418 0.105465 -0.003002 -0.105485 0.994395 -0.007151 0.002231 0.007428 0.999970
Uncertainty 0.910000 0.430146 0.006562 3.727894
True_Rotation 0.920000 0.952724 0.303624 -0.011383 -0.303542 0.952781 0.008354 0.013382 -0.004504 0.999900
Pred_Rotation 0.920000 0.994311 0.106461 -0.003376 -0.106482 0.994292 -0.006733 0.002640 0.007054 0.999972
Uncertainty 0.920000 0.418178 0.005567 3.872323
True_Rotation 0.930000 0.952781 0.303448 -0.011327 -0.303370 0.952838 0.008095 0.013250 -0.004277 0.999903
Pred_Rotation 0.930000 0.994264 0.106897 -0.003417 -0.106918 0.994245 -0.006679 0.002683 0.007006 0.999972
Uncertainty 0.930000 0.420437 0.005441 3.913666
True_Rotation 0.940000 0.952846 0.303245 -0.011305 -0.303171 0.952904 0.007803 0.013139 -0.004007 0.999906
Pred_Rotation 0.940000 0.994295 0.106612 -0.003369 -0.106633 0.994275 -0.006788 0.002626 0.007109 0.999971
Uncertainty 0.940000 0.418274 0.005597 3.912181
True_Rotation 0.950000 0.952923 0.302999 -0.011377 -0.302925 0.952983 0.007771 0.013197 -0.003959 0.999905
Pred_Rotation 0.950000 0.994661 0.103166 -0.002452 -0.103182 0.994631 -0.007892 0.001625 0.008103 0.999966
Uncertainty 0.950000 0.407225 0.006831 3.673038
True_Rotation 0.960000 0.953019 0.302692 -0.011516 -0.302613 0.953079 0.008109 0.013430 -0.004243 0.999901
Pred_Rotation 0.960000 0.994760 0.102220 -0.002137 -0.102234 0.994726 -0.008318 0.001276 0.008493 0.999963
Uncertainty 0.960000 0.410825 0.007494 3.606927
True_Rotation 0.970000 0.953123 0.302354 -0.011766 -0.302272 0.953186 0.008300 0.013725 -0.004355 0.999896
Pred_Rotation 0.970000 0.994739 0.102415 -0.002292 -0.102431 0.994705 -0.008323 0.001428 0.008514 0.999963
Uncertainty 0.970000 0.413750 0.007692 3.619085
True_Rotation 0.980000 0.953222 0.302027 -0.012164 -0.301944 0.953291 0.008187 0.014068 -0.004131 0.999893
Pred_Rotation 0.980000 0.994631 0.103461 -0.002398 -0.103477 0.994598 -0.008174 0.001540 0.008378 0.999964
Uncertainty 0.980000 0.431155 0.007996 3.647094
True_Rotation 0.990000 0.953315 0.301713 -0.012652 -0.301636 0.953392 0.007653 0.014371 -0.003479 0.999891
Pred_Rotation 0.990000 0.994497 0.104735 -0.002562 -0.104752 0.994466 -0.008080 0.001701 0.008304 0.999964
Uncertainty 0.990000 0.445183 0.008027 3.712741
True_Rotation 1.000000 0.953415 0.301375 -0.013141 -0.301308 0.953502 0.006846 0.014593 -0.002567 0.999890
Pred_Rotation 1.000000 0.994451 0.105175 -0.002557 -0.105192 0.994420 -0.007998 0.001701 0.008223 0.999965
Uncertainty 1.000000 0.448203 0.007944 3.736945
True_Rotation 1.010000 0.953535 0.300981 -0.013476 -0.300922 0.953628 0.006266 0.014737 -0.001920 0.999890
Pred_Rotation 1.010000 0.994506 0.104646 -0.002625 -0.104663 0.994477 -0.007835 0.001791 0.008067 0.999966
Uncertainty 1.010000 0.431686 0.007562 3.748881
True_Rotation 1.020000 0.953670 0.300546 -0.013626 -0.300492 0.953766 0.005934 0.014780 -0.001564 0.999890
Pred_Rotation 1.020000 0.994317 0.106411 -0.003094 -0.106431 0.994294 -0.007199 0.002310 0.007487 0.999969
Uncertainty 1.020000 0.432137 0.006584 3.875242
True_Rotation 1.030000 0.953797 0.300145 -0.013546 -0.300099 0.953893 0.005417 0.014548 -0.001102 0.999894
Pred_Rotation 1.030000 0.994165 0.107824 -0.003296 -0.107844 0.994144 -0.006904 0.002532 0.007220 0.999971
Uncertainty 1.030000 0.429176 0.005493 4.005195
True_Rotation 1.040000 0.953908 0.299806 -0.013291 -0.299765 0.954000 0.005030 0.014188 -0.000814 0.999899
Pred_Rotation 1.040000 0.994129 0.108138 -0.003652 -0.108159 0.994114 -0.006239 0.002956 0.006598 0.999974
Uncertainty 1.040000 0.417885 0.004881 4.036316
True_Rotation 1.050000 0.953998 0.299535 -0.012938 -0.299493 0.954085 0.005085 0.013867 -0.000976 0.999903
Pred_Rotation 1.050000 0.994243 0.107088 -0.003525 -0.107109 0.994227 -0.006358 0.002823 0.006699 0.999974
Uncertainty 1.050000 0.398405 0.004413 4.022941
True_Rotation 1.060000 0.954072 0.299311 -0.012603 -0.299266 0.954155 0.005375 0.013634 -0.001356 0.999906
Pred_Rotation 1.060000 0.994234 0.107171 -0.003615 -0.107192 0.994218 -0.006314 0.002917 0.006665 0.999974
Uncertainty 1.060000 0.400027 0.004479 4.010019
True_Rotation 1.070000 0.954146 0.299091 -0.012278 -0.299043 0.954223 0.005600 0.013391 -0.001672 0.999909
Pred_Rotation 1.070000 0.994329 0.106286 -0.003629 -0.106308 0.994313 -0.006331 0.002936 0.006681 0.999973
Uncertainty 1.070000 0.387704 0.004490 4.004225
True_Rotation 1.080000 0.954224 0.298853 -0.011939 -0.298800 0.954297 0.006025 0.013194 -0.002182 0.999911
Pred_Rotation 1.080000 0.994404 0.105594 -0.003339 -0.105614 0.994385 -0.006676 0.002615 0.006991 0.999972
Uncertainty 1.080000 0.392745 0.004844 3.949712
True_Rotation 1.090000 0.954296 0.298634 -0.011740 -0.298576 0.954364 0.006460 0.013133 -0.002659 0.999910
Pred_Rotation 1.090000 0.994543 0.104278 -0.003129 -0.104298 0.994521 -0.006996 0.002382 0.007284 0.999971
Uncertainty 1.090000 0.387420 0.005451 3.851191
True_Rotation 1.100000 0.954352 0.298456 -0.011690 -0.298393 0.954418 0.006887 0.013213 -0.003084 0.999908
Pred_Rotation 1.100000 0.994677 0.103013 -0.002558 -0.103030 0.994648 -0.007712 0.001750 0.007934 0.999967
Uncertainty 1.100000 0.402187 0.006360 3.652617
True_Rotation 1.110000 0.954409 0.298273 -0.011722 -0.298206 0.954475 0.007158 0.013323 -0.003336 0.999906
Pred_Rotation 1.110000 0.994741 0.102393 -0.002344 -0.102408 0.994710 -0.008039 0.001508 0.008237 0.999965
Uncertainty 1.110000 0.410287 0.007138 3.576502
True_Rotation 1.120000 0.954482 0.298037 -0.011786 -0.297967 0.954548 0.007348 0.013440 -0.003501 0.999904
Pred_Rotation 1.120000 0.994707 0.102726 -0.002233 -0.102741 0.994676 -0.008065 0.001392 0.008252 0.999965
Uncertainty 1.120000 0.416526 0.007274 3.599263
True_Rotation 1.130000 0.954565 0.297771 -0.011757 -0.297700 0.954631 0.007401 0.013427 -0.003565 0.999904
Pred_Rotation 1.130000 0.994480 0.104891 -0.002577 -0.104908 0.994454 -0.007478 0.001778 0.007707 0.999969
Uncertainty 1.130000 0.435522 0.006994 3.693382
True_Rotation 1.140000 0.954645 0.297522 -0.011606 -0.297453 0.954709 0.007260 0.013240 -0.003479 0.999906
Pred_Rotation 1.140000 0.994421 0.105450 -0.002731 -0.105467 0.994397 -0.007208 0.001956 0.007456 0.999970
Uncertainty 1.140000 0.425535 0.006232 3.779584
True_Rotation 1.150000 0.954719 0.297290 -0.011397 -0.297222 0.954781 0.007309 0.013054 -0.003591 0.999908
Pred_Rotation 1.150000 0.994407 0.105580 -0.002811 -0.105598 0.994383 -0.007108 0.002045 0.007365 0.999971
Uncertainty 1.150000 0.426706 0.006142 3.776045
True_Rotation 1.160000 0.954806 0.297024 -0.011052 -0.296960 0.954864 0.007091 0.012659 -0.003488 0.999914
Pred_Rotation 1.160000 0.994397 0.105680 -0.002479 -0.105695 0.994371 -0.007406 0.001683 0.007627 0.999970
Uncertainty 1.160000 0.455129 0.007242 3.661336
True_Rotation 1.170000 0.954904 0.296724 -0.010594 -0.296670 0.954959 0.006406 0.012018 -0.002974 0.999923
Pred_Rotation 1.170000 0.994415 0.105521 -0.001979 -0.105534 0.994383 -0.008062 0.001117 0.008226 0.999966
Uncertainty 1.170000 0.473042 0.007906 3.595473
True_Rotation 1.180000 0.955016 0.296382 -0.010128 -0.296337 0.955066 0.005735 0.011373 -0.002475 0.999932
Pred_Rotation 1.180000 0.994559 0.104153 -0.002299 -0.104168 0.994530 -0.007710 0.001483 0.007908 0.999968
Uncertainty 1.180000 0.448927 0.007998 3.546932
True_Rotation 1.190000 0.955135 0.296012 -0.009730 -0.295971 0.955181 0.005445 0.010905 -0.002321 0.999938
Pred_Rotation 1.190000 0.994502 0.104688 -0.002518 -0.104705 0.994475 -0.007565 0.001712 0.007787 0.999968
Uncertainty 1.190000 0.446651 0.007607 3.612415
True_Rotation 1.200000 0.955171 0.295910 -0.009309 -0.295876 0.955214 0.004824 0.010320 -0.001854 0.999945
Pred_Rotation 1.200000 0.994482 0.104902 -0.000859 -0.104906 0.994447 -0.008390 -0.000026 0.008434 0.999964
Uncertainty 1.200000 0.530692 0.008421 3.399465
True_Rotation 1.210000 0.954917 0.296749 -0.008597 -0.296728 0.954955 0.003661 0.009297 -0.000945 0.999956
Pred_Rotation 1.210000 0.994681 0.103003 0.000543 -0.102995 0.994644 -0.008705 -0.001437 0.008602 0.999962
Uncertainty 1.210000 0.589849 0.009035 2.991537
True_Rotation 1.220000 0.954225 0.298994 -0.007489 -0.298988 0.954255 0.001976 0.007737 0.000353 0.999970
Pred_Rotation 1.220000 0.994691 0.102896 0.001723 -0.102881 0.994667 -0.007261 -0.002461 0.007045 0.999972
Uncertainty 1.220000 0.604419 0.004678 2.729381
True_Rotation 1.230000 0.953044 0.302773 -0.005996 -0.302779 0.953061 -0.000203 0.005653 0.002009 0.999982
Pred_Rotation 1.230000 0.994494 0.104736 0.003349 -0.104717 0.994487 -0.005473 -0.003904 0.005092 0.999979
Uncertainty 1.230000 0.606992 0.001069 2.680777
True_Rotation 1.240000 0.951385 0.307977 -0.003995 -0.307990 0.951383 -0.003384 0.002759 0.004450 0.999986
Pred_Rotation 1.240000 0.994199 0.107466 0.004535 -0.107450 0.994204 -0.003490 -0.004883 0.002983 0.999984
Uncertainty 1.240000 0.586427 0.000112 2.792308
True_Rotation 1.250000 0.949297 0.314378 -0.001549 -0.314380 0.949267 -0.007577 -0.000911 0.007680 0.999970
Pred_Rotation 1.250000 0.994025 0.109023 0.005362 -0.109016 0.994039 -0.001696 -0.005515 0.001101 0.999984
Uncertainty 1.250000 0.547465 0.002041 2.823225
True_Rotation 1.260000 0.946866 0.321625 0.001154 -0.321587 0.946800 -0.012311 -0.005052 0.011286 0.999924
Pred_Rotation 1.260000 0.994115 0.108180 0.005763 -0.108182 0.994131 0.000049 -0.005724 -0.000673 0.999983
Uncertainty 1.260000 0.468098 0.005660 2.710328
True_Rotation 1.270000 0.944199 0.329351 0.003910 -0.329245 0.944094 -0.016865 -0.009246 0.014637 0.999850
Pred_Rotation 1.270000 0.994510 0.104471 0.005967 -0.104481 0.994526 0.001442 -0.005784 -0.002058 0.999981
Uncertainty 1.270000 0.360504 0.010069 2.497906
True_Rotation 1.280000 0.941419 0.337175 0.006510 -0.336985 0.941285 -0.020583 -0.013068 0.017184 0.999767
Pred_Rotation 1.280000 0.994811 0.101616 0.004995 -0.101631 0.994818 0.002780 -0.004686 -0.003273 0.999984
Uncertainty 1.280000 0.276906 0.012243 2.306905
True_Rotation 1.290000 0.938636 0.344803 0.008599 -0.344537 0.938488 -0.023103 -0.016036 0.018722 0.999696
Pred_Rotation 1.290000 0.995225 0.097576 0.002545 -0.097590 0.995207 0.006203 -0.001927 -0.006422 0.999978
Uncertainty 1.290000 0.161147 0.014021 2.618284
True_Rotation 1.300000 0.935833 0.352293 0.010307 -0.351954 0.935674 -0.025338 -0.018571 0.020084 0.999626
Pred_Rotation 1.300000 0.995410 0.095678 0.002319 -0.095692 0.995390 0.006546 -0.001682 -0.006738 0.999976
Uncertainty 1.300000 0.128375 0.016427 2.777607
True_Rotation 1.310000 0.932983 0.359729 0.011764 -0.359302 0.932796 -0.028161 -0.021104 0.022047 0.999534
Pred_Rotation 1.310000 0.995180 0.097986 0.003813 -0.098002 0.995178 0.004080 -0.003395 -0.004434 0.999984
Uncertainty 1.310000 0.172495 0.018890 2.765855
True_Rotation 1.320000 0.930067 0.367159 0.013045 -0.366632 0.929842 -0.031213 -0.023590 0.024247 0.999428
Pred_Rotation 1.320000 0.995296 0.096833 0.003018 -0.096848 0.995285 0.005290 -0.002491 -0.005558 0.999981
Uncertainty 1.320000 0.154606 0.016385 2.736990
True_Rotation 1.330000 0.927076 0.374605 0.014208 -0.373991 0.926827 -0.033499 -0.025717 0.025742 0.999338
Pred_Rotation 1.330000 0.995374 0.096062 0.001583 -0.096071 0.995346 0.007494 -0.000856 -0.007612 0.999971
Uncertainty 1.330000 0.119545 0.016426 2.924680
True_Rotation 1.340000 0.924022 0.382042 0.015071 -0.381350 0.923749 -0.035501 -0.027484 0.027057 0.999256
Pred_Rotation 1.340000 0.995336 0.096458 0.001407 -0.096466 0.995309 0.007375 -0.000689 -0.007476 0.999972
Uncertainty 1.340000 0.117267 0.017010 2.990294
True_Rotation 1.350000 0.920934 0.389412 0.015443 -0.388639 0.920610 -0.037892 -0.028972 0.028894 0.999162
Pred_Rotation 1.350000 0.995388 0.095902 0.002248 -0.095915 0.995369 0.006370 -0.001626 -0.006556 0.999977
Uncertainty 1.350000 0.111211 0.019204 2.971934
True_Rotation 1.360000 0.917796 0.396748 0.015535 -0.395882 0.917392 -0.040852 -0.030460 0.031343 0.999044
Pred_Rotation 1.360000 0.995436 0.095406 0.002164 -0.095418 0.995416 0.006592 -0.001525 -0.006768 0.999976
Uncertainty 1.360000 0.098814 0.020802 3.002803
True_Rotation 1.370000 0.914586 0.404093 0.015540 -0.403136 0.914098 -0.043654 -0.031845 0.033661 0.998926
Pred_Rotation 1.370000 0.995330 0.096531 0.000045 -0.096528 0.995294 0.008522 0.000778 -0.008487 0.999964
Uncertainty 1.370000 0.083522 0.021796 3.245336
True_Rotation 1.380000 0.911300 0.411458 0.015293 -0.410439 0.910742 -0.045711 -0.032736 0.035380 0.998838
Pred_Rotation 1.380000 0.995253 0.097290 -0.002519 -0.097257 0.995198 0.011008 0.003578 -0.010711 0.999936
Uncertainty 1.380000 0.066606 0.020588 3.503875
True_Rotation 1.390000 0.907957 0.418805 0.014674 -0.417766 0.907346 -0.046855 -0.032937 0.036412 0.998794
Pred_Rotation 1.390000 0.995123 0.098616 -0.002451 -0.098584 0.995070 0.010848 0.003509 -0.010554 0.999938
Uncertainty 1.390000 0.063914 0.017000 3.527484
True_Rotation 1.400000 0.904569 0.426110 0.013634 -0.425086 0.903911 -0.047399 -0.032521 0.037080 0.998783
Pred_Rotation 1.400000 0.994829 0.101548 -0.001675 -0.101526 0.994784 0.009881 0.002670 -0.009660 0.999950
Uncertainty 1.400000 0.066458 0.017479 3.710236
True_Rotation 1.410000 0.901135 0.433371 0.012058 -0.432385 0.900417 -0.047879 -0.031607 0.037931 0.998780
Pred_Rotation 1.410000 0.994417 0.105511 -0.001721 -0.105491 0.994378 0.009198 0.002682 -0.008965 0.999956
Uncertainty 1.410000 0.070040 0.018246 4.029107
True_Rotation 1.420000 0.897682 0.440529 0.010059 -0.439614 0.896910 -0.047864 -0.030107 0.038545 0.998803
Pred_Rotation 1.420000 0.994325 0.106384 -0.000986 -0.106374 0.994299 0.007314 0.001758 -0.007168 0.999973
Uncertainty 1.420000 0.089242 0.011827 3.742482
True_Rotation 1.430000 0.894211 0.447577 0.007836 -0.446773 0.893423 -0.046781 -0.027939 0.038331 0.998874
Pred_Rotation 1.430000 0.993803 0.111153 -0.001009 -0.111145 0.993786 0.006000 0.001670 -0.005851 0.999982
Uncertainty 1.430000 0.113425 0.008429 3.792026
True_Rotation 1.440000 0.890724 0.454511 0.005551 -0.453849 0.889971 -0.044418 -0.025129 0.037044 0.998998
Pred_Rotation 1.440000 0.993863 0.110553 0.003685 -0.110554 0.993870 0.000043 -0.003658 -0.000450 0.999993
Uncertainty 1.440000 0.157423 0.003978 3.438938
True_Rotation 1.450000 0.887281 0.461218 0.003320 -0.460731 0.886633 -0.040113 -0.021445 0.034062 0.999190
Pred_Rotation 1.450000 0.993918 0.109555 0.011203 -0.109441 0.993940 -0.010306 -0.012264 0.009017 0.999884
Uncertainty 1.450000 0.232910 0.000646 3.112046
True_Rotation 1.460000 0.883971 0.467540 0.001286 -0.467238 0.883493 -0.033607 -0.016849 0.029106 0.999434
Pred_Rotation 1.460000 0.993831 0.109668 0.016540 -0.109361 0.993831 -0.018427 -0.018459 0.016504 0.999693
Uncertainty 1.460000 0.307810 0.000010 3.109434
True_Rotation 1.470000 0.880842 0.473410 -0.001152 -0.473272 0.880521 -0.026387 -0.011477 0.023788 0.999651
Pred_Rotation 1.470000 0.994593 0.101887 0.020092 -0.101396 0.994554 -0.024087 -0.022436 0.021919 0.999508
Uncertainty 1.470000 0.330985 0.001467 2.487060
True_Rotation 1.480000 0.877673 0.479248 -0.003324 -0.479209 0.877458 -0.020650 -0.006980 0.019717 0.999781
Pred_Rotation 1.480000 0.992605 0.121392 0.000415 -0.121392 0.992605 0.000435 -0.000359 -0.000482 1.000000
Uncertainty 1.480000 0.213912 0.004209 4.429650
True_Rotation 1.490000 0.874333 0.485313 -0.003459 -0.485284 0.874143 -0.019312 -0.006348 0.018564 0.999808
Pred_Rotation 1.490000 0.991753 0.128131 -0.003009 -0.128114 0.991745 0.005317 0.003665 -0.004888 0.999981
Uncertainty 1.490000 0.298252 0.015849 4.935719
True_Rotation 1.500000 0.870860 0.491528 -0.001532 -0.491449 0.870655 -0.020912 -0.008945 0.018965 0.999780
Pred_Rotation 1.500000 0.991448 0.130497 -0.001032 -0.130492 0.991442 0.003766 0.001514 -0.003599 0.999992
Uncertainty 1.500000 0.373774 0.022669 5.009410
True_Rotation 1.510000 0.867099 0.498133 0.001390 -0.497980 0.866895 -0.022552 -0.012439 0.018862 0.999745
Pred_Rotation 1.510000 0.991832 0.127551 -0.000379 -0.127547 0.991819 0.005098 0.001027 -0.005008 0.999987
Uncertainty 1.510000 0.330652 0.029953 4.721289
